Filename,Size,Unit
Tinker Tailor Soldier Spy (2011) 720p BRRip Nl-ENG subs DutchReleaseTeam.mkv,1.73,G
sample.mkv,16.24,M
Koedje.png,115.78,K
Multimediacafe.png,105.06,K
Screenshot3.jpg,91.71,K
Screenshot1.jpg,91.29,K
Screenshot2.jpg,68.65,K
Screenshot4.jpg,60.24,K
NFO MKV.txt,1.19,K
DutchReleaseTeam NFO.txt,474,B
Torrent downloaded from Demonoid.me.txt,46,B
