Filename,Size,Unit
"Melanie Memphis, Juanita (Brunette GroupSex).wmv",488.88,M
Torrent downloaded from rarbg.com.nfo,33,B
"Screenshot-Melanie Memphis, Juanita (Brunette GroupSex).wmv-1.png",238.61,K
"Gallery-Melanie Memphis, Juanita (Brunette GroupSex).wmv-1.jpg",84.39,K
