Filename,Size,Unit
Suits.S02E03.HDTV.x264-ASAP.[VTV].mp4,279.64,M
