Filename,Size,Unit
www.TamilRockers.net - Resident Evil Extinction 2007.720p.BrRip- Tamil+English-650MB.mkv,648.71,M
