Filename,Size,Unit
Intel Motherboard D915 Genuine Drivers.7z,78.92,M
