Title,Type,Files,Size,IMDB,Spoken Languages,Texted Languages,Tags,Quality (+),Quality (-),Uploaded,By,User Type,Seeders,Leechers,Info Hash,Picture,Capture Date
Anal Magic HD 720 - Bobbi Starr Alysa Mak Davis,505,1,868.24 MiB (910414102 Bytes),,,,,0,0,2012-04-28T03:19:37Z,undeadmechanic,,4,1,1A5E672A45DE5E54F019025BE593B8E7F47C93B4,http://image.bayimg.com/caojbaade.jpg,2012-09-25T02:42:50Z
