Filename,Size,Unit
Palaraga_-_Fire_Slave_(video_edit)_The_Three_Musketeers_editing_by_Aquareal_2012.mkv,84.87,M
the_three_musketeers_by_Aquareal_(cover) copy.jpg,143.65,K
Palaraga_-_Fire_Slave_(video_edit)_The_Three_Musketeers_editing_by_Aquareal_2012.mkv.txt,5.17,K
