Filename,Size,Unit
SceneUnderground.txt,86,B
The.Silence.Of.The.Lambs.1991.BluRay.720p.H264.eng.srt,93.02,K
The.Silence.Of.The.Lambs.1991.BluRay.720p.H264.jpg,185.15,K
The.Silence.Of.The.Lambs.1991.BluRay.720p.H264.mp4,1.12,G
The.Silence.Of.The.Lambs.1991.BluRay.720p.H264.nfo,5.02,K
