Title,Type,Files,Size,IMDB,Spoken Languages,Texted Languages,Tags,Quality (+),Quality (-),Uploaded,By,User Type,Seeders,Leechers,Info Hash,Picture,Capture Date
Alexis Blaze ,506,1,907.42 MiB (951503259 Bytes),,,,"""POV"",""Gonzo"",""Anal"",""Brunette"",""Blonde"",""Oral"",""All Sex""",0,0,2012-02-19T00:09:06Z,medianb,,2,1,32DAAC2DD254302A07E52F939E94BB86AB074D66,,2012-09-29T22:13:22Z
