Filename,Size,Unit
01 - Severn.mp3,4.16,M
02 - Tors.mp3,8.32,M
03 - Casket.mp3,7.11,M
04 - Le dodo ou l'amour au berceau.mp3,4.11,M
05 - Pierpont- for the beauty.mp3,7.27,M
06 - Evans House Quartet.mp3,2.98,M
07 - the Commons.mp3,3.94,M
"08 - Holmes' Bonfire, 1666.mp3",6.17,M
09 - Drift.mp3,9.83,M
10 - Blyth Farjeon Choir.mp3,6.47,M
"DMT NFO, Read before Playing.txt",1.73,K
DMT.png,78.32,K
Kim Janssen - Ancient Crime.log,10.64,K
Torrent downloaded from Demonoid.me.txt,46,B
