Filename,Size,Unit
CD1/dtx-csttha.avi,699.99,M
CD2/dtx-cstthb.avi,698.51,M
Powered by imagenova.com.nfo,0,B
Sample/dtx-cstths.avi,11.62,M
dtx-cstth.nfo,3.88,K
