Filename,Size,Unit
Forced.to.Fight.2011.BRRip.XviD.AC3-TRiNiTY.avi,2.41,G
Forced.to.Fight.2011.BRRip.XviD.AC3-TRiNiTY.nfo,3.63,K
Forced.to.Fight.2011.BRRip.XviD.AC3-TRiNiTY.sample.avi,18.43,M
READ this before playing the Movie.txt,605,B
www.Torrenting.com.txt,605,B
