Title,Type,Files,Size,IMDB,Spoken Languages,Texted Languages,Tags,Quality (+),Quality (-),Uploaded,By,User Type,Seeders,Leechers,Info Hash,Picture,Capture Date
Nepal bible   Nepali Nepalese,601,3,25.38 MiB (26616238 Bytes),,,,"""Nepal"",""bible"",""Nepali"",""Nepalese""",0,0,2012-07-28T16:55:56Z,agapesaves,,0,5,975375B49AE71A139D45FD1B0BA8DD994BD02BA9,http://image.bayimg.com/gaaddaaeg.jpg,2012-09-19T08:01:53Z
