Title,Type,Files,Size,IMDB,Spoken Languages,Texted Languages,Tags,Quality (+),Quality (-),Uploaded,By,User Type,Seeders,Leechers,Info Hash,Picture,Capture Date
Friends With Benefits 2011 720p BDRip XviD ac3 (avi) [GREYSHADOW,207,4,3.59 GiB (3849898616 Bytes),http://www.imdb.com/title/tt1632708/,English,,,0,0,2012-02-16T17:39:40Z,grey.shadow,[V],5,0,F2A4AEF43C49176DEB2DF7322662160A535337C0,,2012-09-30T01:48:55Z
