Filename,Size,Unit
First Read This Guide.txt,580,B
Return.To.Forgotten.Britain.S01E01.HDTV.XviD-AFG.avi,496.41,M
Return.To.Forgotten.Britain.S01E01.HDTV.XviD-AFG.nfo,453,B
www.Torrentday.com.txt,580,B
