Title,Type,Files,Size,IMDB,Spoken Languages,Texted Languages,Tags,Quality (+),Quality (-),Uploaded,By,User Type,Seeders,Leechers,Info Hash,Picture,Capture Date
Sexy First Aid Box - Kathy Anderson.avi,506,1,205.39 MiB (215370970 Bytes),,,,"""2007"",""Fetish"",""Hardcore"",""Extreme Anal"",""Hospital"",""XXX"",""Adult""",0,0,2012-04-03T16:39:22Z,Pornmaze,[V],3,0,EB288EA105552B9C95B0A92EE833913311C63E52,http://image.bayimg.com/bankdaadm.jpg,2012-09-26T16:29:04Z
