Title,Type,Files,Size,IMDB,Spoken Languages,Texted Languages,Tags,Quality (+),Quality (-),Uploaded,By,User Type,Seeders,Leechers,Info Hash,Picture,Capture Date
Hot And Busty Teen Rubbing Tits,503,25,18.19 MiB (19073217 Bytes),,,,"""teen pics"",""big tits"",""amateur teen"",""sexy teen""",0,2,2012-11-26T15:20:47Z,Anonymous,,11,1,8891069A022FF17F6FE8099716F3683A67BEED80,,2012-12-03T10:31:30Z
