Title,Type,Files,Size,IMDB,Spoken Languages,Texted Languages,Tags,Quality (+),Quality (-),Uploaded,By,User Type,Seeders,Leechers,Info Hash,Picture,Capture Date
Epic Muffin,401,1,80.5 MiB (84408093 Bytes),,,,"""Steelnip"",""epic muffin""",0,1,2012-07-26T01:40:38Z,Steelnip,,0,1,48BCD0024930747F86B18593DECA118ACA906EBA,,2012-09-19T11:55:55Z
