Title,Type,Files,Size,IMDB,Spoken Languages,Texted Languages,Tags,Quality (+),Quality (-),Uploaded,By,User Type,Seeders,Leechers,Info Hash,Picture,Capture Date
"WowGirls - L'art Du Massage Erotique - Gloria, Sabrina [1080p].w",505,1,2.04 GiB (2191886583 Bytes),,,,"""2011"",""Erotic"",""Nature"",""Massage"",""Close Ups"",""Breasts"",""Glamour"",""XXX"",""Adult""",0,1,2012-08-16T14:24:07Z,C3Porno,[V],48,38,926ABE4D1B7F0C4EC8079F8278F9B26B48B85E6D,http://image.bayimg.com/gabakaaed.jpg,2012-09-17T18:14:02Z
