Filename,Size,Unit
Snow.Teens.5.XXX.mp4,1.3,G
