Filename,Size,Unit
Ozombie 2012 DVDRIP Xvid AC3-BHRG Sample.avi,41.48,M
Ozombie 2012 DVDRIP Xvid AC3-BHRG.avi,1.4,G
READ this before playing the Movie.txt,473,B
www.Torrenting.com.txt,473,B
