Filename,Size,Unit
01 - Ultravox - Live.mp3,10.33,M
02 - Ultravox - Flow.mp3,10.83,M
03 - Ultravox - Brilliant.mp3,10.75,M
04 - Ultravox - Change.mp3,11.06,M
05 - Ultravox - Rise.mp3,10.08,M
06 - Ultravox - Remembering.mp3,9.27,M
07 - Ultravox - Hello.mp3,13.73,M
08 - Ultravox - One.mp3,11.55,M
09 - Ultravox - Fall.mp3,10.2,M
10 - Ultravox - Lie.mp3,11.26,M
11 - Ultravox - Satellite.mp3,9.79,M
12 - Ultravox - Contact.mp3,11.1,M
"DMT NFO, Read before Playing.txt",1.73,K
DMT.png,78.32,K
Torrent downloaded from Demonoid.me.txt,46,B
Ultravox - Brilliant - Back.bmp,7,M
Ultravox - Brilliant - CD.bmp,5.9,M
Ultravox - Brilliant - Front.bmp,5.63,M
Ultravox - Brilliant.log,5.73,K
Ultravox - Brilliant.m3u,530,B
