Filename,Size,Unit
week 5. Baltimore Ravens vs. Kansas City Chiefs.mkv,2.49,G
