Filename,Size,Unit
aaf-jimmy.fallon.2012.09.14.hugh.laurie.hdtv.x264.mp4,287.63,M
aaf-jimmy.fallon.2012.09.14.hugh.laurie.hdtv.x264.nfo,3.62,K
First Read This Guide.txt,580,B
Sample/aaf-jimmy.fallon.2012.09.14.hugh.laurie.hdtv.x264-sample.mp4,11.75,M
www.Torrentday.com.txt,580,B
