Filename,Size,Unit
01 We In This Bitch.mp3,9.46,M
