Filename,Size,Unit
Genetic Roulette -The Gamble of Our Lives.mp4,1.57,G
