Title,Type,Files,Size,IMDB,Spoken Languages,Texted Languages,Tags,Quality (+),Quality (-),Uploaded,By,User Type,Seeders,Leechers,Info Hash,Picture,Capture Date
Alia Janine - Huge Tits And A Huge Creampie (2012) [720p].mp4,505,1,682.17 MiB (715306195 Bytes),,,,"""Hardcore"",""Mature"",""XxX"",""Busty"",""Cumshot"",""Blowjob"",""CreamPie""",1,0,2012-10-23T17:13:40Z,FluxXxu,[V],3,1,CF2415C84D8E29196F58787AA033A517EB0D093A,,2012-11-26T09:32:38Z
