Filename,Size,Unit
Bone squeeze (2011).mp4,262.51,M
