User Type,Username,Date,Text
,DionisBah,2012-08-14T08:09Z,"Thanks for sharing.
All the best in future."
