Filename,Size,Unit
Vegas.Stripped.S01E03.Bulls.And.Bikinis.VeroVenlo.avi,118.19,M
