Filename,Size,Unit
RSP_Stevie_150_rip_018_.wmv,838.43,M
