Filename,Size,Unit
Ciudad muy caliente.avi,804.36,M
