Title,Type,Files,Size,IMDB,Spoken Languages,Texted Languages,Tags,Quality (+),Quality (-),Uploaded,By,User Type,Seeders,Leechers,Info Hash,Picture,Capture Date
Two For One XXX VoDRip mp4,501,5,1.85 GiB (1989798188 Bytes),,,,,0,0,2012-09-29T23:40:11Z,RockSaltS,,8,6,347E94CE916FB2013C675231A9D54C7E30227549,,2012-10-05T04:59:36Z
