Filename,Size,Unit
1.png,359.3,K
2.png,270.49,K
3.png,324.72,K
Hijacked.2012.DVDRiP.XViD.AC3-MAJESTiC.avi,1.46,G
Hijacked.2012.DVDRiP.XViD.AC3-MAJESTiC.nfo,1.45,K
sample.avi,17.79,M
www.UsaBit.com.txt,0,B
