User Type,Username,Date,Text
,maizena,2012-11-19T23:17Z,https://thepiratebay.se/user/maizena
