Filename,Size,Unit
A MÃºmia 2 - O Retorno da Mumia Dublado DVDRip rmvb.rmvb,431.29,M
A MÃºmia 1 - Dublado DVDRip rmvb.rmvb,411.33,M
A MÃºmia 3 - Tumba do Imperador DragÃ£o Dublado DVDRip rmvb.rmvb,372.63,M
Leiame.txt,9.79,K
