Filename,Size,Unit
Katharsys - Loss.mp3,5.63,M
Katharsys - Mostly VIP.mp3,3.03,M
Katharsys - Neurosis.mp3,5.99,M
Katharsys - No End For The Darkness (NEW KATHARSYS TUNE!!!).mp3,3.18,M
Katharsys - Overactive.mp3,3.18,M
Katharsys - Paranoiac Requiem.mp3,3.17,M
Katharsys - Reptiles.mp3,2.83,M
Katharsys - Sword Of Vengeance.mp3,5.92,M
Katharsys - Think Its Done.mp3,4.91,M
Katharsys - Train Wreck (NEW KATHARSYS TUNE!!).mp3,2.32,M
