Filename,Size,Unit
Real.Time.With.Bill.Maher.2012.10.19.Overtime.avi,49.55,M
