Title,Type,Files,Size,IMDB,Spoken Languages,Texted Languages,Tags,Quality (+),Quality (-),Uploaded,By,User Type,Seeders,Leechers,Info Hash,Picture,Capture Date
Annabel Chong.pdf,601,1,158.17 KiB (161964 Bytes),,,English,"""Annabel Chong"",""Biggest Gangbang"",""Porn"",""Singapore"",""Asian""",0,0,2012-12-16T07:27:21Z,tackleTOM,,4,0,E9986FAA0486D1AB32D7909D26EE7E0903B1048B,,2013-01-09T19:41:35Z
