User Type,Username,Date,Text
,jose642,2012-08-16T00:17Z,gracias
,elgo2006,2012-09-01T18:29Z,"Sid, thanks to you, I've been finding a bunch of discographies that I've been looking for. Thanks for the great download! Definitely worthy of that green skull."
