User Type,Username,Date,Text
,Maanlichtje,2012-05-20T22:03Z,"Als eerste bedankt voor de UP !
En dan gelijk een heel seizoen... YEAH ! ;-)

DL Starts now..."
