Title,Type,Files,Size,IMDB,Spoken Languages,Texted Languages,Tags,Quality (+),Quality (-),Uploaded,By,User Type,Seeders,Leechers,Info Hash,Picture,Capture Date
Hentai Music Video.HMV.AMV,501,91,5.59 GiB (6002388134 Bytes),,English,English,"""hentai"",""music video"",""music"",""amv"",""hmv"",""tentacles"",""futanari"",""orcs"",""incest"",""hardcore"",""electronic"",""dance"",""techno""",2,0,2012-12-26T01:23:05Z,Iixil,,26,23,F171C98BB52A93D7B5E85E13025412FE45030BA9,,2013-01-10T21:12:02Z
