User Type,Username,Date,Text
,etaion999,2012-03-15T21:57Z,"Oh, what a lil darlin'!

THANKS bestec1234!"
