Filename,Size,Unit
01 No Hay Cama Pa' Tanta Gente.mp3,5.09,M
11 Cantares De Navidad.mp3,4.66,M
07 El Cuerpo Me Pide.mp3,4.6,M
05 Amarga Navidad.mp3,4.43,M
12 Van A Mi Casa Esta Navidad.mp3,4.2,M
06 Himno A La AlegrÃ­a.mp3,4.11,M
10 CanciÃ³n Para La Navidad.mp3,3.49,M
02 Triste Navidad.mp3,3.17,M
04 El AÃ±o Viejo.mp3,3.06,M
03 El Burrito De BelÃ©n.mp3,2.89,M
09 Feliz Navidad.mp3,2.82,M
08 La CanciÃ³n Del Tamborilero [carol Of The Drum].mp3,2.8,M
Front.jpg,29.12,K
