Filename,Size,Unit
call of duty trainer and read me/call of duty trainer/Call of Duty 4 Trainer.exe,1.39,M
save/autosave/bog_a-4.svg,409.69,K
save/autosave/bog_a-2.svg,408.12,K
save/autosave/bog_a-1.svg,407.96,K
save/autosave/bog_a-6.svg,407.78,K
save/autosave/bog_a-3.svg,399.9,K
save/autosave/village_defend-10.svg,396.56,K
save/autosave/bog_b-3.svg,389.83,K
save/autosave/village_defend-5.svg,389.09,K
save/autosave/bog_a-5.svg,388.79,K
save/autosave/bog_a-8.svg,386.94,K
save/autosave/bog_a-9.svg,382.96,K
save/autosave/village_defend-6.svg,381.33,K
save/autosave/village_defend-8.svg,378.16,K
save/autosave/bog_a-0.svg,378.06,K
save/autosave/bog_a-12.svg,376.53,K
save/autosave/village_defend-14.svg,371.2,K
save/autosave/bog_a-7.svg,371.16,K
save/autosave/bog_a-11.svg,367.02,K
save/autosave/village_defend-9.svg,366.42,K
save/autosave/bog_b-5.svg,366.33,K
save/autosave/sniperescape-save_now.svg,365.16,K
save/autosave/village_defend-11.svg,362.77,K
save/autosave/village_defend-13.svg,360.89,K
save/autosave/bog_b-4.svg,358.89,K
save/autosave/sniperescape-0.svg,357.63,K
save/autosave/village_defend-4.svg,357.34,K
save/autosave/sniperescape-levelend.svg,357.3,K
save/autosave/bog_b-6.svg,356.73,K
save/autosave/sniperescape-2.svg,352.12,K
save/autosave/village_assault-15.svg,350.73,K
save/autosave/bog_b-2.svg,348.51,K
save/autosave/bog_a-10.svg,345.21,K
save/autosave/bog_b-7.svg,344.33,K
save/autosave/armada-levelend.svg,342.43,K
save/autosave/village_assault-16.svg,341.97,K
save/autosave/bog_a-levelend.svg,338.12,K
save/autosave/village_assault-14.svg,336.84,K
save/autosave/village_assault-4.svg,332.11,K
save/autosave/blackout-8.svg,331.99,K
save/autosave/village_assault-22.svg,330.46,K
save/autosave/airlift-2.svg,329.04,K
save/autosave/village_assault-20.svg,328.93,K
save/autosave/airlift-11.svg,328.51,K
save/autosave/village_defend-3.svg,328.48,K
save/autosave/village_assault-11.svg,328.12,K
save/autosave/village_assault-17.svg,327.94,K
save/autosave/blackout-9.svg,325.34,K
save/autosave/village_assault-10.svg,325.04,K
save/autosave/armada-3.svg,324.42,K
save/autosave/bog_b-11.svg,324.35,K
save/autosave/bog_a.svg,321.91,K
save/autosave/cargoship-5.svg,321.91,K
save/autosave/blackout-6.svg,320.43,K
save/autosave/armada-2.svg,319.65,K
save/autosave/village_assault-18.svg,319.2,K
save/autosave/village_defend-2.svg,317.79,K
save/autosave/village_assault-13.svg,317.58,K
save/autosave/village_assault-24.svg,315.61,K
save/autosave/armada-1.svg,315.36,K
save/autosave/village_assault-19.svg,314.28,K
save/autosave/armada-0.svg,314.02,K
save/autosave/airlift-9.svg,313.7,K
save/autosave/village_assault-23.svg,312.11,K
save/autosave/bog_b-13.svg,311.97,K
save/autosave/village_assault-7.svg,311.79,K
save/autosave/village_assault-21.svg,311.39,K
save/autosave/village_assault-12.svg,311.06,K
save/autosave/blackout-7.svg,310.83,K
save/autosave/village_assault-9.svg,309.75,K
save/autosave/bog_b-9.svg,307.48,K
save/autosave/village_assault-5.svg,307.29,K
save/autosave/bog_b-1.svg,306.18,K
save/autosave/bog_b.svg,306.04,K
save/autosave/village_assault-25.svg,305.38,K
save/autosave/bog_b-12.svg,305.31,K
save/autosave/village_assault-2.svg,305.11,K
save/autosave/sniperescape-1.svg,304.86,K
save/autosave/bog_b-8.svg,301.85,K
save/autosave/village_assault-6.svg,301.59,K
save/autosave/airlift-0.svg,301.29,K
save/autosave/bog_b-levelend.svg,300.99,K
save/autosave/cargoship-save_now.svg,300.08,K
save/autosave/airlift-3.svg,299.61,K
save/autosave/cargoship-4.svg,298.98,K
save/autosave/airlift-6.svg,298.69,K
save/autosave/jeepride-2.svg,297.96,K
save/autosave/hunted-levelend.svg,297.66,K
save/autosave/village_assault-8.svg,297.46,K
save/autosave/village_assault-27.svg,296.31,K
save/autosave/cargoship-13.svg,296.02,K
save/autosave/airlift-7.svg,295.5,K
save/autosave/airlift-12.svg,294.79,K
save/autosave/cargoship-12.svg,293.52,K
save/autosave/cargoship-6.svg,293.51,K
save/autosave/cargoship-11.svg,293.48,K
save/autosave/bog_b-10.svg,292.28,K
save/autosave/cargoship-levelend.svg,292.03,K
save/autosave/blackout-0.svg,291.07,K
save/autosave/jeepride-save_now.svg,289.69,K
save/autosave/village_assault-26.svg,288.07,K
save/bog_a.svg,287.91,K
save/autosave/cargoship-8.svg,287.85,K
save/autosave/cargoship-3.svg,287.37,K
save/autosave/cargoship-2.svg,287.21,K
save/autosave/airlift-10.svg,283.92,K
save/autosave/hunted-12.svg,283.85,K
save/autosave/village_assault-3.svg,283.29,K
save/autosave/cargoship-9.svg,283.18,K
save/autosave/blackout-11.svg,283.15,K
save/autosave/hunted-13.svg,283.13,K
save/autosave/sniperescape-4.svg,282.7,K
save/autosave/scoutsniper-8.svg,282.46,K
save/autosave/village_assault-28.svg,282.14,K
save/autosave/scoutsniper-14.svg,281.92,K
save/autosave/cargoship-7.svg,281.88,K
save/autosave/airlift-8.svg,280.83,K
save/autosave/airlift-4.svg,280.4,K
save/autosave/scoutsniper-15.svg,280.14,K
save/autosave/icbm-8.svg,280.08,K
save/autosave/sniperescape-14.svg,279.16,K
save/autosave/icbm-6.svg,278.94,K
save/autosave/ambush-6.svg,278.87,K
save/autosave/airlift-5.svg,278.77,K
save/autosave/ac130-6.svg,278.26,K
save/autosave/blackout-5.svg,277.88,K
save/autosave/ambush-5.svg,277.34,K
save/autosave/jeepride-1.svg,277.28,K
save/autosave/cargoship-10.svg,276.94,K
save/autosave/hunted-14.svg,276.83,K
save/autosave/icbm-levelend.svg,276.61,K
save/autosave/sniperescape-8.svg,276.36,K
save/autosave/blackout-10.svg,276.2,K
save/autosave/icbm-7.svg,275.99,K
save/autosave/village_assault-31.svg,275.4,K
save/autosave/airlift-1.svg,275.11,K
save/autosave/blackout-levelend.svg,274.33,K
save/autosave/sniperescape-3.svg,272.87,K
save/autosave/cargoship-1.svg,272.26,K
save/autosave/icbm-0.svg,271.4,K
save/autosave/ambush-7.svg,270.08,K
save/autosave/hunted-10.svg,269.72,K
save/autosave/icbm-9.svg,268.81,K
save/autosave/sniperescape-12.svg,268.17,K
save/autosave/village_defend-1.svg,267.84,K
save/autosave/sniperescape-13.svg,267.49,K
save/autosave/sniperescape-16.svg,267.1,K
save/bog_b.svg,265.96,K
save/autosave/scoutsniper-12.svg,265.87,K
save/autosave/sniperescape-10.svg,265.8,K
save/autosave/sniperescape-11.svg,265.2,K
save/autosave/hunted-5.svg,265.13,K
save/autosave/hunted-11.svg,265.13,K
save/autosave/sniperescape-5.svg,265.1,K
save/autosave/icbm-3.svg,264.82,K
save/autosave/sniperescape-6.svg,264.47,K
save/autosave/sniperescape-17.svg,264.15,K
save/autosave/hunted-8.svg,261.94,K
save/autosave/sniperescape-15.svg,261.76,K
save/armada.svg,260.94,K
save/autosave/hunted-9.svg,260.28,K
save/autosave/hunted-2.svg,260.27,K
save/autosave/icbm-2.svg,260.08,K
save/autosave/cargoship.svg,258.15,K
save/autosave/icbm-4.svg,257.52,K
save/autosave/launchfacility_a-5.svg,255.05,K
save/autosave/ac130-2.svg,254,K
save/autosave/village_assault-29.svg,253.31,K
save/sniperescape.svg,253.28,K
save/autosave/hunted-3.svg,252.19,K
save/autosave/icbm-5.svg,251.77,K
save/autosave/hunted-6.svg,251.27,K
save/autosave/hunted-4.svg,248.92,K
save/autosave/village_assault-32.svg,246.03,K
save/autosave/icbm-1.svg,245.78,K
save/autosave/ambush-3.svg,245.5,K
save/autosave/village_assault-30.svg,245.08,K
save/autosave/ac130-4.svg,243.72,K
save/autosave/blackout-4.svg,242.89,K
save/autosave/hunted-7.svg,242.07,K
save/autosave/scoutsniper-13.svg,241.45,K
save/autosave/village_assault-1.svg,240.78,K
save/autosave/airlift-levelend.svg,238.14,K
save/autosave/scoutsniper-7.svg,237.98,K
save/autosave/launchfacility_a-6.svg,234.09,K
save/autosave/scoutsniper-9.svg,233.89,K
save/autosave/hunted-1.svg,233.36,K
save/autosave/blackout-2.svg,232.66,K
save/autosave/village_assault-levelend.svg,232.35,K
save/autosave/ambush-4.svg,229.62,K
save/autosave/launchfacility_a-4.svg,229.44,K
save/jeepride.svg,228.87,K
save/autosave/icbm.svg,228.75,K
save/autosave/coup-levelend.svg,227.63,K
save/autosave/ac130-levelend.svg,226.84,K
save/autosave/launchfacility_b-9.svg,225.43,K
save/autosave/ambush-8.svg,225.16,K
save/autosave/ambush-12.svg,222.05,K
save/autosave/scoutsniper-11.svg,221.48,K
save/village_defend.svg,221.45,K
save/autosave/hunted.svg,219.66,K
save/autosave/blackout-3.svg,216.98,K
save/cargoship.svg,216.71,K
save/autosave/ac130-3.svg,216.56,K
save/autosave/ambush-11.svg,216.24,K
save/autosave/scoutsniper-3.svg,215.95,K
save/autosave/scoutsniper-10.svg,215.49,K
save/autosave/ac130-5.svg,214.67,K
save/autosave/blackout-1.svg,214.29,K
save/autosave/scoutsniper-2.svg,214.08,K
save/autosave/scoutsniper-1.svg,213.97,K
save/autosave/ambush-levelend.svg,213.79,K
save/autosave/launchfacility_a-2.svg,213.75,K
save/autosave/airlift-save_now.svg,213.03,K
save/autosave/airlift.svg,212.83,K
save/autosave/scoutsniper-4.svg,211.59,K
save/autosave/scoutsniper-16.svg,211.33,K
save/autosave/ambush-10.svg,211.25,K
save/autosave/launchfacility_a-0.svg,210.9,K
save/autosave/blackout.svg,210.46,K
save/autosave/scoutsniper-5.svg,210.21,K
save/autosave/village_assault.svg,209.89,K
save/autosave/scoutsniper-17.svg,209.7,K
save/autosave/launchfacility_b-levelend.svg,209.7,K
save/autosave/scoutsniper-levelend.svg,209.24,K
save/autosave/ambush-9.svg,207.57,K
save/autosave/launchfacility_a-7.svg,206.41,K
save/autosave/launchfacility_a-3.svg,205.85,K
save/autosave/ambush-1.svg,204.99,K
save/autosave/scoutsniper-6.svg,204.91,K
save/autosave/ambush-2.svg,204.51,K
save/autosave/launchfacility_b-8.svg,204.48,K
save/autosave/launchfacility_b-7.svg,203.35,K
save/autosave/launchfacility_b-3.svg,202.59,K
save/autosave/ambush-save_now.svg,202.08,K
save/autosave/launchfacility_b-2.svg,200.03,K
save/autosave/launchfacility_b-4.svg,198.72,K
save/airlift.svg,198.53,K
save/autosave/launchfacility_a-levelend.svg,197.43,K
save/autosave/launchfacility_b-6.svg,197.22,K
save/autosave/launchfacility_b-5.svg,196.67,K
save/hunted.svg,195.97,K
save/autosave/ambush.svg,195.67,K
save/autosave/launchfacility_a-1.svg,193.95,K
save/autosave/launchfacility_b-1.svg,193.33,K
save/blackout.svg,189.68,K
save/icbm.svg,187.88,K
save/village_assault.svg,186.43,K
save/autosave/scoutsniper.svg,184.03,K
save/launchfacility_b.svg,174.42,K
save/ambush.svg,170.09,K
save/autosave/launchfacility_a.svg,164.45,K
save/scoutsniper.svg,163.02,K
save/launchfacility_a.svg,149.04,K
save/autosave/ac130-1.svg,148.09,K
save/autosave/killhouse-8.svg,146.71,K
save/autosave/killhouse-levelend.svg,145.72,K
save/autosave/killhouse-5.svg,144.82,K
save/autosave/killhouse-7.svg,144.52,K
save/autosave/killhouse-4.svg,144.11,K
save/autosave/killhouse-6.svg,143.32,K
save/coup.svg,143.16,K
save/autosave/killhouse-2.svg,141.82,K
save/autosave/killhouse-3.svg,139.29,K
save/autosave/killhouse-1.svg,133.49,K
save/autosave/killhouse.svg,126.33,K
save/ac130.svg,115.95,K
save/killhouse.svg,112.05,K
save/autosave/airplane-save_now.svg,99.69,K
save/airplane.svg,73.14,K
save/autosave/aftermath-levelend.svg,67.85,K
save/aftermath.svg,43.79,K
config_mp.cfg,10.28,K
config.cfg,9.24,K
mpdata,8.28,K
call of duty trainer and read me/call of duty trainer/cod416-readme.txt,2.65,K
call of duty trainer and read me/readme.txt,975,B
