Filename,Size,Unit
Suzanne Collins/The Hunger Games (3)/The Hunger Games - Suzanne Collins.pdf,1.79,M
Suzanne Collins/Hunger Games 2 - Catching Fire (1)/Hunger Games 2 - Catching Fire - Suzanne Collins.pdf,1.48,M
Suzanne Collins/Mockingjay (The Final Book of The Hunger (2)/Mockingjay (The Final Book of The Hunger - Suzanne Collins.pdf,1.26,M
Suzanne Collins/Mockingjay (The Final Book of The Hunger (2)/Mockingjay (The Final Book of The Hunger - Suzanne Collins.mobi,1.08,M
Suzanne Collins/The Hunger Games (3)/The Hunger Games - Suzanne Collins.mobi,797.23,K
Suzanne Collins/The Hunger Games (3)/The Hunger Games - Suzanne Collins.epub,664.4,K
Suzanne Collins/Hunger Games 2 - Catching Fire (1)/Hunger Games 2 - Catching Fire - Suzanne Collins.mobi,567.4,K
Suzanne Collins/Hunger Games 2 - Catching Fire (1)/Hunger Games 2 - Catching Fire - Suzanne Collins.epub,454.61,K
Suzanne Collins/Mockingjay (The Final Book of The Hunger (2)/Mockingjay (The Final Book of The Hunger - Suzanne Collins.epub,362.68,K
Suzanne Collins/Mockingjay (The Final Book of The Hunger (2)/cover.jpg,84.66,K
Suzanne Collins/Hunger Games 2 - Catching Fire (1)/cover.jpg,38.46,K
Suzanne Collins/The Hunger Games (3)/cover.jpg,19.4,K
README.txt,2.62,K
Suzanne Collins/Mockingjay (The Final Book of The Hunger (2)/metadata.opf,1.94,K
Suzanne Collins/Hunger Games 2 - Catching Fire (1)/metadata.opf,1.12,K
Suzanne Collins/The Hunger Games (3)/metadata.opf,1.09,K
Release Notes.txt,862,B
Other/Torrent downloaded from Silvertorrents.me.txt,52,B
Other/Torrent downloaded from extratorrent.com.txt,51,B
Other/Torrent downloaded from Piratebay.se.txt,50,B
Other/Torrent downloaded from Demonoid.me.txt,46,B
Other/Torrent downloaded from 1337x.org.txt,44,B
Other/Torrent downloaded from h33t.com.txt,43,B
Other/Torrent downloaded from Kat.ph.txt,41,B
