Filename,Size,Unit
The Chalice and the Blade.pdf,9.84,M
