Title,Type,Files,Size,IMDB,Spoken Languages,Texted Languages,Tags,Quality (+),Quality (-),Uploaded,By,User Type,Seeders,Leechers,Info Hash,Picture,Capture Date
Chanel Preston  Open Ended 2 Scene 6 EvilAngel 2013 XXX,506,1,181.64 MiB (190462597 Bytes),,,,"""porn"",""fuck"",""xxx"",""hardcore"",""sex"",""hot""",0,0,2013-01-07T14:42:25Z,piyalsilva,,7,3,2C5065022D2B492C801725BB5662DB3A8D929508,,2013-01-11T17:18:15Z
