Filename,Size,Unit
Pacto de Sangue.rmvb,362.19,M
