Filename,Size,Unit
[www.moviegalaxy.in] Taken 2 DVDRip AC3 5.1 - Team MG.avi,485.33,M
