Filename,Size,Unit
Covert.Affairs.S01E10.HDTV.Subtitulado.Esp.SC.avi,350.05,M
