Filename,Size,Unit
btcp10088_800.mp4,445.78,M
