Filename,Size,Unit
20-06-12EM.pdf,4.82,M
20-06-12DOCUMENTOSEM.pdf,2.78,M
20-06-12EXTRAALCOBENDASEM.pdf,1.9,M
