Filename,Size,Unit
Paulina Rubio ft. Espinoza Paz - Me Voy.mp4,68.42,M
