Title,Type,Files,Size,IMDB,Spoken Languages,Texted Languages,Tags,Quality (+),Quality (-),Uploaded,By,User Type,Seeders,Leechers,Info Hash,Picture,Capture Date
Count the Hours (1953),201,1,745.73 MiB (781950976 Bytes),http://www.imdb.com/title/tt0045652/,English,,"""movies"",""film-noir""",0,0,2012-05-20T03:03:06Z,pirpawn,[V],0,3,59893D4198D56917FB9E7AD48ADDDEE54720BEFC,,2012-09-23T19:28:12Z
