Filename,Size,Unit
Private.Ficktreffen.14.GERMAN.XXX.avi,699.89,M
