Title,Type,Files,Size,IMDB,Spoken Languages,Texted Languages,Tags,Quality (+),Quality (-),Uploaded,By,User Type,Seeders,Leechers,Info Hash,Picture,Capture Date
The Five Year Engagement 2012 DVDRIP Xvid AC3-BHRG,201,6,1.96 GiB (2105740655 Bytes),,,,,0,0,2012-10-17T11:59:21Z,scenebalance,,21,2,AEA7A9C9252632071B02AA659035E11CCDD146B9,,2012-11-25T23:45:52Z
