Filename,Size,Unit
READ this before playing the Movie.txt,473,B
vmt-wmdd-xvid.NO.RAR.avi,699.13,M
www.Torrenting.com.txt,473,B
