Title,Type,Files,Size,IMDB,Spoken Languages,Texted Languages,Tags,Quality (+),Quality (-),Uploaded,By,User Type,Seeders,Leechers,Info Hash,Picture,Capture Date
"UltimateSurrender----US-26821 Penny Pax, Penny Barber, Sarah She",505,52,676.13 MiB (708978680 Bytes),,,,,0,0,2012-10-24T21:57:15Z,merzedes,[V],5,3,2984878A4ACB86F92F4E82DF1485ABF3B95F20CD,,2012-11-26T11:27:06Z
