Title,Type,Files,Size,IMDB,Spoken Languages,Texted Languages,Tags,Quality (+),Quality (-),Uploaded,By,User Type,Seeders,Leechers,Info Hash,Picture,Capture Date
Happy.Feet.Two.DVDRip.XviD.AC3-TFREAKS,201,4,766.83 MiB (804084657 Bytes),http://www.imdb.com/title/tt1402488/,,,,0,0,2012-03-03T01:20:36Z,TvTeam,[V],2,0,0368CFA8988D3B27644B7F696B1940B40113BD92,,2012-09-29T01:25:45Z
