Title,Type,Files,Size,IMDB,Spoken Languages,Texted Languages,Tags,Quality (+),Quality (-),Uploaded,By,User Type,Seeders,Leechers,Info Hash,Picture,Capture Date
BackTrack 5 R3 - Blackhat Edition,303,1,2.65 GiB (2843197440 Bytes),,,,,2,0,2012-07-30T01:18:13Z,breadtk,,14,4,915D47D653008183D610314D658BE588A9A87576,,2012-09-19T05:52:17Z
