Filename,Size,Unit
IN DERIVA S02E22 - Stefan.mp4,217.69,M
