Filename,Size,Unit
Windows 7 all editions gr.iso,3.83,G
