Title,Type,Files,Size,IMDB,Spoken Languages,Texted Languages,Tags,Quality (+),Quality (-),Uploaded,By,User Type,Seeders,Leechers,Info Hash,Picture,Capture Date
Playboy - Wet And Wild - The Complete Collection (1989-2002) 3 D,502,77,21.88 GiB (23489755136 Bytes),http://www.imdb.com/title/tt0153727/,English,,"""playboy"",""wet and wild""",0,0,2012-12-16T06:29:26Z,Anonymous,,74,80,75BB6C1A8496100DABC345EF59460C27F46DC36E,http://image.bayimg.com/6fba177875247a2ee9268badf6d2acad51a2b5e0.jpg,2013-01-09T19:35:19Z
