Filename,Size,Unit
PhotographyMonthly201206.pdf,70.24,M
