Title,Type,Files,Size,IMDB,Spoken Languages,Texted Languages,Tags,Quality (+),Quality (-),Uploaded,By,User Type,Seeders,Leechers,Info Hash,Picture,Capture Date
AstroWings3 v1.0.0 By bobiras2009,408,1,45.83 MiB (48052582 Bytes),,,,"""AstroWings3"",""bobiras2009"",""android"",""bobiras22""",3,0,2012-08-19T16:51:57Z,bobiras2009,[T],2,0,DAE6C3A3EDB3563539717F01577E86C6B3BD6314,http://image.bayimg.com/kabilaaef.jpg,2012-09-17T11:27:18Z
