User Type,Username,Date,Text
,govermint,2012-07-09T06:37Z,"Thanx for the avi 

10/10

Seeding til next week."
,sillymilly77,2012-07-09T10:17Z,thank you
