Filename,Size,Unit
tik tok.mp3,4.55,M
