Filename,Size,Unit
LetsTryAnal - Anal in a bikini - Vanessa Sixxx.wmv,894.2,M
