User Type,Username,Date,Text
,drdoom6996,2012-09-01T03:16Z,Thanks
[V],Nepotu,2012-09-01T03:35Z,welcome!
