Title,Type,Files,Size,IMDB,Spoken Languages,Texted Languages,Tags,Quality (+),Quality (-),Uploaded,By,User Type,Seeders,Leechers,Info Hash,Picture,Capture Date
Fat Mature UK Woman Gets Her Big Booty Doggystyle Fucked And Hai,506,1,57.05 MiB (59816107 Bytes),,,,"""amateur homemade UK doggystyle""",0,0,2012-08-09T13:58:05Z,mrdrake96,[T],4,0,C4158B4CFE06380120A9EE8CCAFD4B51101A94D9,,2012-09-18T05:35:40Z
