Title,Type,Files,Size,IMDB,Spoken Languages,Texted Languages,Tags,Quality (+),Quality (-),Uploaded,By,User Type,Seeders,Leechers,Info Hash,Picture,Capture Date
up.all.night.2011.s01e03.HDTV.Subtitulado.Esp.SC.avi,205,1,174.13 MiB (182591818 Bytes),,English,Spanish,,0,0,2012-03-13T12:27:52Z,sediartv,[T],0,2,1974430C6CF3F35548FF57E44CA3C3AC86794F0C,,2012-09-28T08:57:34Z
