Filename,Size,Unit
30 grader i Februari - Del 8 av 10.avi,562.4,M
