Filename,Size,Unit
Taggarts Course Literature.rar,8.99,M
