Title,Type,Files,Size,IMDB,Spoken Languages,Texted Languages,Tags,Quality (+),Quality (-),Uploaded,By,User Type,Seeders,Leechers,Info Hash,Picture,Capture Date
"Perfectslave------PS - Mar 03, 2012 - Maia Davis",501,73,293.41 MiB (307662286 Bytes),,English,,,0,0,2012-03-02T21:26:28Z,merzedes,[V],2,3,96436C6089C797108AAD8814DB318FCA6CB2BAFB,http://image.bayimg.com/mandkaada.jpg,2012-09-29T01:39:57Z
