Title,Type,Files,Size,IMDB,Spoken Languages,Texted Languages,Tags,Quality (+),Quality (-),Uploaded,By,User Type,Seeders,Leechers,Info Hash,Picture,Capture Date
Gigi D'Agostino - A Journey Into Space (1994),101,15,80.7 MiB (84619091 Bytes),,,,"""gigi d'agostino""",0,0,2012-03-11T13:45:10Z,playlentostyle,,1,3,B04CDAF3597C1EAA8D59B164FA4EF4237A7F5019,,2012-09-28T11:46:42Z
