Title,Type,Files,Size,IMDB,Spoken Languages,Texted Languages,Tags,Quality (+),Quality (-),Uploaded,By,User Type,Seeders,Leechers,Info Hash,Picture,Capture Date
Dj T@zze - What I Do Best (Mega 2012 Mix),101,1,26.43 MiB (27709338 Bytes),,,,"""tazze"",""t@zze"",""mix"",""trance"",""clubfanatix"",""megamix"",""dance""",0,0,2013-01-05T02:36:56Z,tazzeboy,,3,1,8B6E35408CE7300B5672FBA5E5F117D387CC7B3B,,2013-01-11T13:52:28Z
