Filename,Size,Unit
Louisiana.Lockdown.S01E07.Death.Ride.VeroVenlo.avi,349.74,M
