Filename,Size,Unit
2008 - This Is Exile/11-whitechapel-messiahbolical.mp3,12.38,M
2010 - A New Era Of Corruption/11. Whitechapel - Dehumanization.mp3,10.81,M
2011 - Recorrupted EP/01- Section 8.mp3,10.27,M
2010 - A New Era Of Corruption/10. Whitechapel - Necromechanical.mp3,9.98,M
2011 - Recorrupted EP/05- End Of Flesh (Acoustic).mp3,9.97,M
2007 - The Somatic Defilement/02-whitechapel-the_somatic_defilement.mp3,9.44,M
2010 - A New Era Of Corruption/05. Whitechapel - End Of Flesh.mp3,9.31,M
2010 - A New Era Of Corruption/09. Whitechapel - Murder Sermon.mp3,9.14,M
2010 - A New Era Of Corruption/01. Whitechapel - Devolver.mp3,9.12,M
2011 - Recorrupted EP/02- Strength Beyond Strength (Pantera Cover).mp3,8.76,M
2010 - A New Era Of Corruption/04. Whitechapel - Reprogrammed To Hate.mp3,8.62,M
2010 - A New Era Of Corruption/06. Whitechapel - Unnerving.mp3,8.37,M
2010 - A New Era Of Corruption/08. Whitechapel - Prayer Of Mockery.mp3,8.21,M
2008 - This Is Exile/03-whitechapel-possession.mp3,7.88,M
2010 - A New Era Of Corruption/02. Whitechapel - Breeding Violence.mp3,7.62,M
2011 - Recorrupted EP/04- This Is Exile (Ben Weinman Remix).mp3,7.53,M
2010 - A New Era Of Corruption/03. Whitechapel - The Darkest Day Of Man.mp3,6.87,M
2007 - The Somatic Defilement/10-whitechapel-articulo_mortis.mp3,6.78,M
2010 - A New Era Of Corruption/07. Whitechapel - A Future Corrupt.mp3,6.77,M
2011 - Recorrupted EP/03- Breeding Violence (Big Chocolate Remix).mp3,6.64,M
2008 - This Is Exile/01-whitechapel-father_of_lies.mp3,6.58,M
2007 - The Somatic Defilement/05-whitechapel-fairy_fay.mp3,6.49,M
2007 - The Somatic Defilement/04-whitechapel-prostatic_fluid_asphyxiation.mp3,6.44,M
2007 - The Somatic Defilement/06-whitechapel-ear_to_ear.mp3,6.3,M
2008 - This Is Exile/09-whitechapel-eternal_refuge.mp3,6.1,M
2008 - This Is Exile/02-whitechapel-this_is_exile.mp3,6.09,M
2008 - This Is Exile/04-whitechapel-to_all_that_are_dead.mp3,6.03,M
2007 - The Somatic Defilement/03-whitechapel-devirgination_studies.mp3,5.67,M
2008 - This Is Exile/08-whitechapel-daemon_(the_procreated).mp3,5.48,M
2008 - This Is Exile/06-whitechapel-somatically_incorrect.mp3,5.27,M
2008 - This Is Exile/05-whitechapel-exalt.mp3,5.17,M
2008 - This Is Exile/07-whitechapel-death_becomes_him.mp3,5.15,M
2007 - The Somatic Defilement/07-whitechapel-alone_in_the_morgue.mp3,5.13,M
2007 - The Somatic Defilement/09-whitechapel-vicer_exciser.mp3,5.1,M
2007 - The Somatic Defilement/08-whitechapel-festering_fiesta.mp3,4.45,M
2008 - This Is Exile/10-whitechapel-of_legions.mp3,4.12,M
2007 - The Somatic Defilement/01-whitechapel-necrotizing.mp3,822.59,K
