Filename,Size,Unit
Shirin Farhad Ki Toh Nikal Padi - DVDScr - x264 - 1CDRip - [DDR].mkv,697.79,M
(Sample) Shirin Farhad Ki Toh Nikal Padi - DVDScr - x264 - 1CDRip - [DDR].mkv,8.17,M
Shirin Farhad Ki Toh Nikal Padi - DVDScr - x264 - 1CDRip - [DDR].nfo,9.51,K
Uploaded by Tamilhindimovies.com.txt,29,B
