Title,Type,Files,Size,IMDB,Spoken Languages,Texted Languages,Tags,Quality (+),Quality (-),Uploaded,By,User Type,Seeders,Leechers,Info Hash,Picture,Capture Date
Brad Williams - Coming Up Short,199,16,74.67 MiB (78296100 Bytes),,,,,0,0,2012-03-25T20:57:37Z,blackadder5787,,1,1,B0D029FE14A099834697BFF265DB79AAAB3BE386,,2012-09-27T12:36:50Z
