Filename,Size,Unit
big.fat.gypsy.weddings.s02e03.720p.hdtv.x264-ftp.nfo,3.66,K
big.fat.gypsy.weddings.s02e03.720p.hdtv.x264-ftp.r00,47.68,M
big.fat.gypsy.weddings.s02e03.720p.hdtv.x264-ftp.r01,47.68,M
big.fat.gypsy.weddings.s02e03.720p.hdtv.x264-ftp.r02,47.68,M
big.fat.gypsy.weddings.s02e03.720p.hdtv.x264-ftp.r03,47.68,M
big.fat.gypsy.weddings.s02e03.720p.hdtv.x264-ftp.r04,47.68,M
big.fat.gypsy.weddings.s02e03.720p.hdtv.x264-ftp.r05,47.68,M
big.fat.gypsy.weddings.s02e03.720p.hdtv.x264-ftp.r06,47.68,M
big.fat.gypsy.weddings.s02e03.720p.hdtv.x264-ftp.r07,47.68,M
big.fat.gypsy.weddings.s02e03.720p.hdtv.x264-ftp.r08,47.68,M
big.fat.gypsy.weddings.s02e03.720p.hdtv.x264-ftp.r09,47.68,M
big.fat.gypsy.weddings.s02e03.720p.hdtv.x264-ftp.r10,47.68,M
big.fat.gypsy.weddings.s02e03.720p.hdtv.x264-ftp.r11,47.68,M
big.fat.gypsy.weddings.s02e03.720p.hdtv.x264-ftp.r12,47.68,M
big.fat.gypsy.weddings.s02e03.720p.hdtv.x264-ftp.r13,47.68,M
big.fat.gypsy.weddings.s02e03.720p.hdtv.x264-ftp.r14,47.68,M
big.fat.gypsy.weddings.s02e03.720p.hdtv.x264-ftp.r15,47.68,M
big.fat.gypsy.weddings.s02e03.720p.hdtv.x264-ftp.r16,47.68,M
big.fat.gypsy.weddings.s02e03.720p.hdtv.x264-ftp.r17,47.68,M
big.fat.gypsy.weddings.s02e03.720p.hdtv.x264-ftp.r18,47.68,M
big.fat.gypsy.weddings.s02e03.720p.hdtv.x264-ftp.r19,47.68,M
big.fat.gypsy.weddings.s02e03.720p.hdtv.x264-ftp.r20,47.68,M
big.fat.gypsy.weddings.s02e03.720p.hdtv.x264-ftp.r21,47.68,M
big.fat.gypsy.weddings.s02e03.720p.hdtv.x264-ftp.r22,47.68,M
big.fat.gypsy.weddings.s02e03.720p.hdtv.x264-ftp.r23,47.68,M
big.fat.gypsy.weddings.s02e03.720p.hdtv.x264-ftp.r24,47.68,M
big.fat.gypsy.weddings.s02e03.720p.hdtv.x264-ftp.r25,47.68,M
big.fat.gypsy.weddings.s02e03.720p.hdtv.x264-ftp.r26,47.68,M
big.fat.gypsy.weddings.s02e03.720p.hdtv.x264-ftp.r27,19.18,M
big.fat.gypsy.weddings.s02e03.720p.hdtv.x264-ftp.rar,47.68,M
big.fat.gypsy.weddings.s02e03.720p.hdtv.x264-ftp.sfv,1.78,K
Sample/big.fat.gypsy.weddings.s02e03.720p.hdtv.x264-ftp.sample.mkv,24.67,M
www.speed.cd read me .txt,47,B
www.Speed.cd.txt,47,B
