Title,Type,Files,Size,IMDB,Spoken Languages,Texted Languages,Tags,Quality (+),Quality (-),Uploaded,By,User Type,Seeders,Leechers,Info Hash,Picture,Capture Date
MediaChance Photo Brush 5.30 + Serial,301,2,12.92 MiB (13544554 Bytes),,,,"""mediachance"",""photobrush"",""5.30"",""serial"",""full"",""free"",""gratis""",6,0,2012-06-28T00:40:58Z,leokm2,,5,1,F34515C2D9E73D97F39BE22EF20D07B9298934C9,,2012-09-21T04:02:48Z
