Title,Type,Files,Size,IMDB,Spoken Languages,Texted Languages,Tags,Quality (+),Quality (-),Uploaded,By,User Type,Seeders,Leechers,Info Hash,Picture,Capture Date
Horny Chicks (1993),501,4,937.45 MiB (982985502 Bytes),,,,,0,0,2012-02-17T06:33:09Z,chkm8te,[V],2,0,C0813C8D28557EB68DDBD64454B14E7E1CBFBB1A,,2012-09-30T00:54:51Z
