Filename,Size,Unit
01. Rock & Roll Holiday - Brownsville Station.flac,16.67,M
02. Jailhouse Rock - Brownsville Station.flac,17.71,M
03. Roadrunner - Brownsville Station.flac,17.67,M
04. Rumble - Brownsville Station.flac,20.32,M
05. Do the Bosco - Brownsville Station.flac,17.91,M
06. That's Fine - Brownsville Station.flac,16.99,M
07. Tell me All About it - Brownsville Station.flac,18.82,M
08. Wanted (Dead or Alive) - Brownsville Station.flac,20.26,M
09. Let Your Yeah be Yeah - Brownsville Station.flac,24.31,M
10. Smokin' in the Boy's Room - Brownsville Station.flac,19.03,M
11. Barefootin' - Brownsville Station.flac,18.64,M
12. I'm the Leader of the Gang - Brownsville Station.flac,22.59,M
13. Kings of the Party - Brownsville Station.flac,27.72,M
14. Mama Don't Allow no Parkin' - Brownsville Station.flac,19.55,M
15. I Got it Bad for You - Brownsville Station.flac,15.97,M
16. They Call Me Rock 'N' Roll - Brownsville Station.flac,62.34,M
17. Lady (Put the Light on Me) - Brownsville Station.flac,22.42,M
18. The Martian Boogie - Brownsville Station.flac,44.77,M
Brownsville Station - Smokin' in the Boy's Room-  The Best of.log,18.21,K
Brownsville Station - Smokin' in the Boy's Room-  The Best of.m3u,1.87,K
freedom.h33t.txt,39,B
Smokin' in the Boy's Room-  The Best of.cue,4.04,K
