Filename,Size,Unit
sop168/SOP168@FDZone.txt,39,B
sop168/SOP168@SexInSex.txt,56,B
sop168/SOP168@ç´æ¼¢ä¿±æ¨é¨.txt,49,B
sop168/SPFUN.txt,21,B
sop168/sop168@P2Pè¾å¹æ´å­¸é¢.txt,46,B
sop168/sop168@hd1080.org.txt,54,B
sop168/sop168@å¡æè«¾çå.txt,36,B
sop168/ã£sop168ã£@å¬ä»ç®±è«å£.txt,45,B
I Am Natasha Nice a.jpg,150.19,K
I Am Natasha Nice b.jpg,110.12,K
I_Am_Natasha_Nice_Scene_1_hh.mp4,1.39,G
I_Am_Natasha_Nice_Scene_2_hh.mp4,586.51,M
I_Am_Natasha_Nice_Scene_3_hh.mp4,821.2,M
I_Am_Natasha_Nice_Scene_4_hh.mp4,482.96,M
I_Am_Natasha_Nice_Scene_5_hh.mp4,986.95,M
I_Am_Natasha_Nice_Scene_6_hh.mp4,469.28,M
I_Am_Natasha_Nice_Scene_7_hh.mp4,1.01,G
I_Am_Natasha_Nice_Scene_8_hh.mp4,1.66,G
