Filename,Size,Unit
Us Weekly December 17 2012.pdf,81.51,M
