Filename,Size,Unit
07 Rockit.mp3,4.36,M
Torrent downloaded from Demonoid.me,481.28,K
