Filename,Size,Unit
GapelandIoana.wmv,972.66,M
