Filename,Size,Unit
A.Dangerous.Method.2011.BluRay.1080p.x264-LTT.mkv,5.48,G
A Dangerous Method.jpg,110.72,K
A Dangerous Method.nfo,664,B
