Filename,Size,Unit
Vinni - hver gang vi mÃ¸tes - Godmorgen Norge.mp3,4.86,M
