Filename,Size,Unit
Movie/VIDEO_TS/VTS_01_1.VOB,1024,M
Movie/VIDEO_TS/VTS_01_3.VOB,1024,M
Movie/VIDEO_TS/VTS_01_2.VOB,1024,M
Movie/VIDEO_TS/VTS_01_4.VOB,375.29,M
Cover & Label/The Machinist front.jpg,1.87,M
Cover & Label/The Machinist cd.jpg,313.55,K
Movie/VIDEO_TS/VIDEO_TS.VOB,154,K
Movie/VIDEO_TS/VTS_01_0.VOB,154,K
Movie/VIDEO_TS/VTS_01_0.IFO,66,K
Movie/VIDEO_TS/VTS_01_0.BUP,66,K
INFO TBS/silvertorrentlogo.jpg,62.61,K
INFO TBS/www.black-Sam org     Kom eens Langs !.jpg,13.5,K
Movie/VIDEO_TS/VIDEO_TS.BUP,12,K
Movie/VIDEO_TS/VIDEO_TS.IFO,12,K
INFO TBS/Read.Me.1st.[Movie-Torrentz].txt,2.5,K
INFO TBS/READ THIS FIRST !!  THANKS.nfo,2.01,K
INFO TBS/â â Black-Sam â â.txt,512,B
INFO TBS/Torrent_downloaded_from_AhaShare.com.txt,512,B
INFO TBS/Torrent_downloaded_from_www.solotorrents.com.txt,512,B
INFO TBS/Torrent Downloaded from SilverTorrents.me.txt,512,B
INFO TBS/Torrent_downloaded_from_Demonoid.com.txt,512,B
