Filename,Size,Unit
anal_butilka.mp4,423.21,M
