Filename,Size,Unit
sexo-kg-loz-120309.mp4,592.14,M
sexo-kg-loz-120309.mp4.jpg,643.42,K
00_19_14.jpg,45.6,K
sexo-kg-loz-120309.nfo,651,B
