Filename,Size,Unit
Clash Of The Titans 2010 720p BluRay LowOrbit.m4v,1.81,G
