Filename,Size,Unit
PBS.Battle.Line.Collection.One.1939.1942.2of5.XviD.AC3.MVGroup.Forum.avi,1.45,G
