Filename,Size,Unit
"Remy LaCroix - [BangBros_ma9963] May 02, 2012.mp4",684.73,M
