Title,Type,Files,Size,IMDB,Spoken Languages,Texted Languages,Tags,Quality (+),Quality (-),Uploaded,By,User Type,Seeders,Leechers,Info Hash,Picture,Capture Date
"Lily LaBeau - Girlfriends Get Even 3, Scene 2 (RealityJunkies)",505,1,1.45 GiB (1560091012 Bytes),,,,"""All Sex"",""Anal"",""Hardcore"",""Oral""",0,0,2012-12-09T15:04:17Z,R0thschild,[V],5,4,AD27FFFC75BAFCD700DCC45EB1FB0E4624561B9B,,2013-01-09T07:02:49Z
