Title,Type,Files,Size,IMDB,Spoken Languages,Texted Languages,Tags,Quality (+),Quality (-),Uploaded,By,User Type,Seeders,Leechers,Info Hash,Picture,Capture Date
Opera 101,102,17,502.25 MiB (526650513 Bytes),,,,,0,0,2012-12-23T23:20:53Z,cloak-and-dagger,[T],14,2,0A8842103B385BCE9C075A6B879AEBB8156D4FDC,http://image.bayimg.com/1029aea3c76a4d750a5d3e73f41caf70eee74a32.jpg,2013-01-10T18:16:38Z
