Filename,Size,Unit
Glee S04E03 - Makeover.mp4,531.65,M
