User Type,Username,Date,Text
,kunmna,2012-04-22T18:40Z,thank
