Filename,Size,Unit
Ronal.the.Barbarian.2011.BluRay.720p.x264.DTS+AC3.[Nordic Subs].mkv,2.58,G
