Title,Type,Files,Size,IMDB,Spoken Languages,Texted Languages,Tags,Quality (+),Quality (-),Uploaded,By,User Type,Seeders,Leechers,Info Hash,Picture,Capture Date
House.S08E21.720p.WEB-DL.DD5.1.H.264-POD [PublicHD],208,2,1.39 GiB (1492329585 Bytes),,English,,,0,0,2012-05-15T17:30:20Z,DibyaTPB,[V],11,3,7543B2E52A57CE701070369AC910880B72A287FB,,2012-09-24T01:38:20Z
