Title,Type,Files,Size,IMDB,Spoken Languages,Texted Languages,Tags,Quality (+),Quality (-),Uploaded,By,User Type,Seeders,Leechers,Info Hash,Picture,Capture Date
Happy XMAS Lounge Feelings [Mp3],101,45,567.51 MiB (595078713 Bytes),,,,,0,0,2012-12-09T10:07:32Z,virana,[V],12,0,B1A07B60360435190442E1F55CAFDA24F71B1821,http://image.bayimg.com/6a94666905aad92cd4b41b6a29db00b77dd50786.jpg,2013-01-09T06:42:49Z
