Filename,Size,Unit
Mision.Imposible.Dvdrip.Audio.Latino.avi,900.52,M
