Title,Type,Files,Size,IMDB,Spoken Languages,Texted Languages,Tags,Quality (+),Quality (-),Uploaded,By,User Type,Seeders,Leechers,Info Hash,Picture,Capture Date
Dulce Maria - 24/7 (Demo Version),101,1,4.56 MiB (4779636 Bytes),,,,,0,0,2012-03-18T23:54:31Z,JuuhGomes,,1,0,835FEE4C4F0F56BA72E87D851962A4C36D6AD820,,2012-09-27T23:25:27Z
