Filename,Size,Unit
Koihime 1-2/Koihime 01.mkv,276.85,M
Zoku Koihime 1-2/Zoku Koihime 02.avi,276.76,M
Koihime 1-2/Koihime 02.mkv,271.25,M
Zoku Koihime 1-2/Zoku Koihime 01.avi,265.82,M
More Hentai at Kawaihentai.com.txt,53,B
