Title,Type,Files,Size,IMDB,Spoken Languages,Texted Languages,Tags,Quality (+),Quality (-),Uploaded,By,User Type,Seeders,Leechers,Info Hash,Picture,Capture Date
Whats.Really.In.Our.Food.NZ.S05E09.HDTV.xvid-][ Salads - Can it ,205,1,179.85 MiB (188585276 Bytes),,English,English,"""documentary"",""reality""",0,0,2012-10-03T11:52:10Z,psspss,[V],9,2,9A44B09F5EBAF94A646C42351D82BDC86E2DB723,,2012-10-05T08:28:21Z
