Filename,Size,Unit
Monique_k_rip_009_.mp4,386.44,M
