Filename,Size,Unit
A.Filha.Do.Vizinho.SPANISH.XXX.avi,1.31,G
