Filename,Size,Unit
Various - 24 Hour Party People.cue,2.28,K
Various - 24 Hour Party People.flac,542.27,M
Various - 24 Hour Party People.log,8.68,K
