Filename,Size,Unit
"Briana - [RealityKings] February 18, 2012.mp4",423.08,M
