Title,Type,Files,Size,IMDB,Spoken Languages,Texted Languages,Tags,Quality (+),Quality (-),Uploaded,By,User Type,Seeders,Leechers,Info Hash,Picture,Capture Date
WWE.No.Way.Out.2012.DSR.XviD-XWT,205,13,1.38 GiB (1481997717 Bytes),,English,,"""WWE"",""Way"",""Out"",""2012"",""DSR"",""XviD"",""XWT""",2,0,2012-06-18T06:24:19Z,scene4all,[V],23,0,A1CCE58EF789FDB9D9348877218982F7B8542850,http://image.bayimg.com/hapoiaadc.jpg,2012-09-21T21:38:36Z
