Title,Type,Files,Size,IMDB,Spoken Languages,Texted Languages,Tags,Quality (+),Quality (-),Uploaded,By,User Type,Seeders,Leechers,Info Hash,Picture,Capture Date
[SexAndSubmission] CiCi Rhodes (Pushing Limits with Hardcore BDS,505,1,669.15 MiB (701654462 Bytes),,,,,0,0,2012-03-03T01:14:30Z,chkm8te,[V],1,0,1B93DEF0606F7992AA3ACFA922C649EB0E189299,,2012-09-29T01:26:48Z
