User Type,Username,Date,Text
,Lasaros,2012-11-23T21:41Z,"Great, the last one. Thanks."
