Title,Type,Files,Size,IMDB,Spoken Languages,Texted Languages,Tags,Quality (+),Quality (-),Uploaded,By,User Type,Seeders,Leechers,Info Hash,Picture,Capture Date
YoungLegalPorn.12.06.03.Inez.A.Gorgeous.Rack.XXX,505,1,1.08 GiB (1159245119 Bytes),,,,,0,0,2012-06-05T16:24:07Z,digital_ripper,[T],1,2,D13DC21722B4BE1645602CAA20DE12BA53E292E5,,2012-09-22T17:14:02Z
