Filename,Size,Unit
ConnectifyInstaller.exe,5.34,M
Crack/Connectify.exe,2.83,M
ReadMe.txt,2.8,K
