Filename,Size,Unit
Fishing movies/Fishing movies.txt,5.9,K
[Fishing] Rex Hunt Fishing Adventures Vol. 2 of 8.iso,3.98,G
Info.pdf,7.56,K
[Fishing] Rex Hunt Fishing Adventures Vol. 2 of 8.txt,737,B
[Fishing] Rex Hunt Fishing Adventures Vol. 2 of 8.sfv,279,B
Torrent downloaded from Demonoid.me.txt,46,B
