Title,Type,Files,Size,IMDB,Spoken Languages,Texted Languages,Tags,Quality (+),Quality (-),Uploaded,By,User Type,Seeders,Leechers,Info Hash,Picture,Capture Date
National.Geographic.Doomsday.Prophesies.Population.Overload.CONV,205,4,379.27 MiB (397690390 Bytes),,,,,0,0,2012-08-27T13:19:17Z,TvTeam,[V],4,0,CCF15C698A7A5788768F1586807466CCA253B529,,2012-09-16T12:57:24Z
