Title,Type,Files,Size,IMDB,Spoken Languages,Texted Languages,Tags,Quality (+),Quality (-),Uploaded,By,User Type,Seeders,Leechers,Info Hash,Picture,Capture Date
[FSX] [FS9] Learn the Maddog - Mad Dog 2006 Training Package &am,299,21,711.55 MiB (746114368 Bytes),,,,"""fsx"",""maddog"",""fly the"",""fs9""",0,0,2012-06-09T11:14:09Z,whtvr2,,5,0,AC73706105897B4D07BCA3B6156DC092C512F14A,,2012-09-22T10:19:03Z
