Filename,Size,Unit
Klaudia.Hot.These.Tits.Are.Succulent.TetangasEspanolas.2013.HD_iyutero.com.mp4,757.01,M
