Filename,Size,Unit
Ip Man 2008 BRRip 350MB x264 AAC - VYTO [P2PDL].mkv,349.72,M
"Cover, Screens & Sample/Sample[P2PDL].mkv",5.59,M
"Cover, Screens & Sample/Thumbs.png",891.54,K
"Cover, Screens & Sample/5.png",428.15,K
"Cover, Screens & Sample/2.png",410.55,K
"Cover, Screens & Sample/4.png",399.52,K
"Cover, Screens & Sample/1.png",359.8,K
"Cover, Screens & Sample/3.png",245.17,K
"Cover, Screens & Sample/Cover.jpeg",133.77,K
Subs/Ip Man 2008 BRRip 350MB x264 AAC - VYTO [P2PDL].srt,64.35,K
Info.nfo,5.69,K
Torrent downloaded from TinyM.eu.txt,301,B
Torrent downloaded from P2PDL.com.txt,33,B
