Filename,Size,Unit
Snow White and the Huntsman (2012)BRRip 720p x264 [Dual Audio][Hindi +English 6ch] (Screens)--prisak~~{HKRG}/Poster.jpg,236.23,K
Snow White and the Huntsman (2012)BRRip 720p x264 [Dual Audio][Hindi +English 6ch] (Screens)--prisak~~{HKRG}/10.jpg,199.89,K
Snow White and the Huntsman (2012)BRRip 720p x264 [Dual Audio][Hindi +English 6ch] (Screens)--prisak~~{HKRG}/2.jpg,140.89,K
Snow White and the Huntsman (2012)BRRip 720p x264 [Dual Audio][Hindi +English 6ch] (Screens)--prisak~~{HKRG}/3.jpg,135.68,K
Snow White and the Huntsman (2012)BRRip 720p x264 [Dual Audio][Hindi +English 6ch] (Screens)--prisak~~{HKRG}/4.jpg,127.36,K
Snow White and the Huntsman (2012)BRRip 720p x264 [Dual Audio][Hindi +English 6ch] (Screens)--prisak~~{HKRG}/7.jpg,107.1,K
Snow White and the Huntsman (2012)BRRip 720p x264 [Dual Audio][Hindi +English 6ch] (Screens)--prisak~~{HKRG}/15.jpg,106.15,K
Snow White and the Huntsman (2012)BRRip 720p x264 [Dual Audio][Hindi +English 6ch] (Screens)--prisak~~{HKRG}/14.jpg,102.1,K
Snow White and the Huntsman (2012)BRRip 720p x264 [Dual Audio][Hindi +English 6ch] (Screens)--prisak~~{HKRG}/13.jpg,99.27,K
Snow White and the Huntsman (2012)BRRip 720p x264 [Dual Audio][Hindi +English 6ch] (Screens)--prisak~~{HKRG}/11.jpg,94.48,K
Snow White and the Huntsman (2012)BRRip 720p x264 [Dual Audio][Hindi +English 6ch] (Screens)--prisak~~{HKRG}/12.jpg,94.04,K
Snow White and the Huntsman (2012)BRRip 720p x264 [Dual Audio][Hindi +English 6ch] (Screens)--prisak~~{HKRG}/16.jpg,91.97,K
Snow White and the Huntsman (2012)BRRip 720p x264 [Dual Audio][Hindi +English 6ch] (Screens)--prisak~~{HKRG}/5.jpg,80.58,K
Snow White and the Huntsman (2012)BRRip 720p x264 [Dual Audio][Hindi +English 6ch] (Screens)--prisak~~{HKRG}/6.jpg,61.8,K
Snow White and the Huntsman (2012)BRRip 720p x264 [Dual Audio][Hindi +English 6ch] (Screens)--prisak~~{HKRG}/8.jpg,58.49,K
Snow White and the Huntsman (2012)BRRip 720p x264 [Dual Audio][Hindi +English 6ch] (Screens)--prisak~~{HKRG}/1.jpg,58.43,K
Snow White and the Huntsman (2012)BRRip 720p x264 [Dual Audio][Hindi +English 6ch] (Screens)--prisak~~{HKRG}/9.jpg,38.15,K
Snow White and the Huntsman (2012)BRRip 720p x264 [Dual Audio][Hindi +English 6ch]--prisak~~{HKRG}.mkv,806.89,M
Sample-Snow White and the Huntsman (2012)BRRip 720p x264 [Dual Audio][Hindi +English 6ch]--prisak~~{HKRG}.mkv,15.24,M
Torrent.pdf,21.2,K
Snow White and the Huntsman (2012)BRRip 720p x264 [Dual Audio][Hindi +English 6ch]--prisak~~{HKRG}.mkv.MediaInfo.txt,7.17,K
Torrent Downloaded From ExtraTorrent.com.txt,1.03,K
HKRG.txt,55,B
