Filename,Size,Unit
02 Everyday Birthday.mp3,8.15,M
