Filename,Size,Unit
007 James Bond Skyfall Premiere Special 2012 720p 570mb CowBoy.mkv,577.11,M
