Title,Type,Files,Size,IMDB,Spoken Languages,Texted Languages,Tags,Quality (+),Quality (-),Uploaded,By,User Type,Seeders,Leechers,Info Hash,Picture,Capture Date
"Wordlist_(Dictionary)_NorwegianOptimized_(UltraCompressed, 6GB w",303,1,709.7 MiB (744169369 Bytes),,,,"""WPA"",""WPA2"",""PSK"",""Wordlist"",""crack"",""aircrack-ng"",""wordlists"",""dictionary""",0,0,2012-06-21T21:52:10Z,stepking2,,3,0,734CB24A380D48948B24151D982CBA5C0406DA61,,2012-09-21T15:57:17Z
