Title,Type,Files,Size,IMDB,Spoken Languages,Texted Languages,Tags,Quality (+),Quality (-),Uploaded,By,User Type,Seeders,Leechers,Info Hash,Picture,Capture Date
Camel Toe - 3-Way Freeway 2 [DvdRip].mp4,501,3,1018.63 MiB (1068114522 Bytes),,English,,"""Anal"",""DPP"",""Threeway""",0,0,2012-05-28T01:08:24Z,SplashPt,[V],6,1,B12E320C1E3D3DDF02870910CF99541017F26455,,2012-09-23T07:08:49Z
