User Type,Username,Date,Text
,pvpas,2012-05-23T14:24Z,thanks god bless ya and yer all family
