Title,Type,Files,Size,IMDB,Spoken Languages,Texted Languages,Tags,Quality (+),Quality (-),Uploaded,By,User Type,Seeders,Leechers,Info Hash,Picture,Capture Date
ATK Hairy - Christine 107 - 3 - 986 pics in 11 sets,503,986,319.94 MiB (335478203 Bytes),,,,"""suprbayrequest""",1,1,2012-08-14T02:38:51Z,bestec1234,[V],4,1,F3F9FD72F629675948D3F0D5DE9232E35BD4E98A,http://image.bayimg.com/fabndaaeb.jpg,2012-09-17T21:31:56Z
