Filename,Size,Unit
[HorribleSubs] Space Brothers - 03 [480p].mkv,149.64,M
