Filename,Size,Unit
atrans.exe,2.2,M
Crack/AceTrans.exe,2.32,M
ReadMe!.txt,1.15,K
