Title,Type,Files,Size,IMDB,Spoken Languages,Texted Languages,Tags,Quality (+),Quality (-),Uploaded,By,User Type,Seeders,Leechers,Info Hash,Picture,Capture Date
A Jubilee Tribute to the Queen by the Prince of Wales,208,2,1.12 GiB (1200493951 Bytes),,English,,,0,0,2012-06-02T00:09:10Z,albiondean,[V],4,1,15A61B3591DCCE6DC18EBE262FCEC12169F90734,,2012-09-22T23:28:48Z
