Title,Type,Files,Size,IMDB,Spoken Languages,Texted Languages,Tags,Quality (+),Quality (-),Uploaded,By,User Type,Seeders,Leechers,Info Hash,Picture,Capture Date
Evidence.2011.DVDRip.XviD.AC3-NYDIC.,201,2,704.66 MiB (738889263 Bytes),,English,,,0,0,2012-02-29T12:15:48Z,moviesp2p,,1,0,B9D74B09CBB8714B07787EC65B9DE42EEFF0DD50,,2012-09-29T08:46:36Z
