User Type,Username,Date,Text
,RIIX,2012-08-15T22:57Z,interesting.thank u scenebalance
