Filename,Size,Unit
Autodesk AutoCAD Architecture v2013 (32 Bit).rar,2.01,G
