Filename,Size,Unit
De.Jaren.2000.Voor.Dummies.S01E09.NL.VLAAMS.x264-SHOWGEMiST.mp4,297.55,M
De.Jaren.2000.Voor.Dummies.S01E09.NL.VLAAMS.x264-SHOWGEMiST.nfo,1.99,K
De.Jaren.2000.Voor.Dummies.S01E09.NL.VLAAMS.x264-SHOWGEMiST1.jpg,60.8,K
De.Jaren.2000.Voor.Dummies.S01E09.NL.VLAAMS.x264-SHOWGEMiST2.jpg,39.93,K
De.Jaren.2000.Voor.Dummies.S01E09.NL.VLAAMS.x264-SHOWGEMiST3.jpg,53.32,K
De.Jaren.2000.Voor.Dummies.S01E09.NL.VLAAMS.x264-SHOWGEMiST4.jpg,253.11,K
SHOWGEMiST @ Twitter.nfo,44,B
