Filename,Size,Unit
SAMPLE - The Lookout (Le guetteur) - Daniel Auteuil 2012 HD.mp4,31.78,M
The Lookout (Le guetteur) - Daniel Auteuil 2012 HD.mp4,589.18,M
The Lookout (Le guetteur) - Daniel Auteuil 2012/The Lookout (Le guetteur) - Daniel Auteuil 2012.txt,2.68,K
The Lookout (Le guetteur) - Daniel Auteuil 2012/The Lookout (Le guetteur) - Daniel Auteuil 2012__0.jpg,70.77,K
The Lookout (Le guetteur) - Daniel Auteuil 2012/The Lookout (Le guetteur) - Daniel Auteuil 2012__1.jpg,363.29,K
The Lookout (Le guetteur) - Daniel Auteuil 2012/The Lookout (Le guetteur) - Daniel Auteuil 2012__2.jpg,50.89,K
torrent sites info/1337x.org.txt,20,B
torrent sites info/KMPlayer.txt,1.99,K
torrent sites info/Torrent downloaded from AanMeHoelaJa Torrents on BTScene.eu.txt,71,B
torrent sites info/Torrent downloaded from AhaShare.com.txt,58,B
torrent sites info/Torrent Downloaded From BTScene.eu.txt,45,B
torrent sites info/Torrent downloaded from Demonoid.me.txt,46,B
torrent sites info/Torrent Downloaded From ExtraTorrent.com.txt,353,B
torrent sites info/Torrent downloaded from KAT.ph.txt,41,B
torrent sites info/Torrent Downloaded from limetorrent.txt,50,B
torrent sites info/Torrent downloaded from Rarbg.com.txt,33,B
torrent sites info/Torrent downloaded from Sceneunderground.org.txt,44,B
torrent sites info/Torrent downloaded from silvertorrent.org.txt,54,B
torrent sites info/Torrent downloaded from silvertorrents.me.txt,29,B
torrent sites info/Torrent downloaded from thepiratebay.se.txt,50,B
torrent sites info/Torrent Downloaded from TorrentState.com.txt,46,B
torrent sites info/Torrent Downloaded from.digtorrent.txt,45,B
torrent sites info/tracked_by_h33t_com.txt,23,B
