Title,Type,Files,Size,IMDB,Spoken Languages,Texted Languages,Tags,Quality (+),Quality (-),Uploaded,By,User Type,Seeders,Leechers,Info Hash,Picture,Capture Date
Big.Titty.Milfs.18.XXX DVDRip.XviD-Pr0nStarS,599,5,1.37 GiB (1470007722 Bytes),,,,"""All Sex"",""Milf"",""Hardcore""",0,0,2012-09-13T16:19:58Z,SplashPt,[V],49,31,D56E6AF3CE5E953DEAF70956B0593153DD800173,,2012-10-03T23:01:18Z
