Filename,Size,Unit
Indian Couple Homemade Sextape Leaked By Devar!.avi,167.87,M
Torrent downloaded from hqpdb.com.nfo,48,B
