Filename,Size,Unit
2) OralNeeds.wmv,80.73,M
1) thereonlyone.wmv,53.13,M
