Filename,Size,Unit
cd1/thewandrs.cd1-pfa.avi,698.33,M
cd2/thewandrs.cd2-pfa.avi,698.97,M
imdb.nfo,1.07,K
READ this before playing the Movie.txt,605,B
The.Wanderers.1979.DVDRip.XviD-iNT-PFa.nfo,4.76,K
www.Torrenting.com.txt,605,B
