Filename,Size,Unit
00.Mike Posner - 30 Minutes To Takeoff.nfo,1.36,K
Cov.jpg,378.57,K
Mike Posner - 01 - 31 Minutes to Takeoff (Intro).mp3,2.03,M
Mike Posner - 02 - Bow Chicka Wow Wow.mp3,7.44,M
Mike Posner - 03 - Please Don't Go.mp3,7.51,M
Mike Posner - 04 - Cooler Than Me.mp3,8.2,M
Mike Posner - 05 - Deja Vu (Feat. Boyz II Men).mp3,6.99,M
Mike Posner - 06 - Do U Wanna.mp3,5.74,M
Mike Posner - 07 - Cheated.mp3,7.55,M
Mike Posner - 08 - Gone In September.mp3,8.26,M
Mike Posner - 09 - Save Your Goodbye.mp3,8.13,M
Mike Posner - 10 - Synthesizer.mp3,9.54,M
Mike Posner - 11 - Delta 1406.mp3,6.97,M
Mike Posner - 12 - Falling.mp3,8.3,M
