Filename,Size,Unit
Otto Knows vs Gigi D'agostino - Million Voices In Love (The Kovacs Brothers Remix).mp3,13.64,M
