Filename,Size,Unit
Knight and Day.Extended.2010.BRRip.HPV.avi,2.73,G
