Title,Type,Files,Size,IMDB,Spoken Languages,Texted Languages,Tags,Quality (+),Quality (-),Uploaded,By,User Type,Seeders,Leechers,Info Hash,Picture,Capture Date
CCleaner Professional 3.23.182 PreActive,301,2,1.11 MiB (1165100 Bytes),,,,"""CCleaner Pro Professional""",1,0,2012-09-25T17:39:44Z,axeswy,,12,0,781CC767C553903CB97B5A868E5CE9B6F42D8950,,2012-10-04T20:21:02Z
