Filename,Size,Unit
A Song of Ice and Fire - 03 - The Mystery Knight.pdf,243.8,K
A Song of Ice and Fire - 02 - The Sworn Sword.pdf,237.53,K
A Song of Ice and Fire - 01 - The Hedge Knight.pdf,209.15,K
