User Type,Username,Date,Text
,Kole97,2012-04-07T15:49Z,Thanks tony!
,LaFouine2011,2012-04-09T04:55Z,"Hi,
not 480p but 400p"
