Title,Type,Files,Size,IMDB,Spoken Languages,Texted Languages,Tags,Quality (+),Quality (-),Uploaded,By,User Type,Seeders,Leechers,Info Hash,Picture,Capture Date
Tattooed.Anal.Sluts.XXX,501,5,3.41 GiB (3658117120 Bytes),,English,,,0,0,2012-10-28T14:55:43Z,digital_ripper,[T],21,12,4DBE2F2AA8269AF31B671F99CC57BE7255B8F49B,,2012-11-26T20:18:30Z
