Title,Type,Files,Size,IMDB,Spoken Languages,Texted Languages,Tags,Quality (+),Quality (-),Uploaded,By,User Type,Seeders,Leechers,Info Hash,Picture,Capture Date
HelpMyWife - Zlata 2012 HD 1080,505,1,1.24 GiB (1334807867 Bytes),,,,"""Anal"",""Oral"",""Hardcore""",0,1,2012-11-04T09:10:18Z,R0thschild,[T],7,5,68C184175995A7AFC9BFB4F4C239886BF2D4F6FF,,2012-11-28T11:19:44Z
