Title,Type,Files,Size,IMDB,Spoken Languages,Texted Languages,Tags,Quality (+),Quality (-),Uploaded,By,User Type,Seeders,Leechers,Info Hash,Picture,Capture Date
Pacific Drift - Feelin' Free (1970/2006) [FLAC],104,20,241.78 MiB (253529839 Bytes),,,,,0,0,2012-10-14T08:24:08Z,Anonymous,,0,0,6CE3D2E34E3DF32FF695957CC3C9BC5A91D53B16,,2012-11-25T17:06:29Z
