Filename,Size,Unit
This.Hour.Has.22.Minutes.S20E01.2012-09-18.HDTV.x264-CLDD.mp4,140.36,M
