Title,Type,Files,Size,IMDB,Spoken Languages,Texted Languages,Tags,Quality (+),Quality (-),Uploaded,By,User Type,Seeders,Leechers,Info Hash,Picture,Capture Date
Lineage 2 - High Five 5 (l2.ru last update 31.08.11),401,1,4.96 GiB (5322122531 Bytes),,,,,0,0,2012-03-06T17:52:45Z,Anonymous,,0,1,CDC907E374F61C0C113E79084185B0CB4D81E8B8,,2012-09-28T19:36:40Z
