Title,Type,Files,Size,IMDB,Spoken Languages,Texted Languages,Tags,Quality (+),Quality (-),Uploaded,By,User Type,Seeders,Leechers,Info Hash,Picture,Capture Date
Mysteria,201,1,663.59 MiB (695829380 Bytes),,English,,"""Robert Miano"",""Danny Glover"",""Martin Landau""",0,0,2012-08-08T16:56:36Z,kasheed22,,2,0,482DD351F4F604F33DFFB2987B733774A14B1276,,2012-09-18T06:45:27Z
