Title,Type,Files,Size,IMDB,Spoken Languages,Texted Languages,Tags,Quality (+),Quality (-),Uploaded,By,User Type,Seeders,Leechers,Info Hash,Picture,Capture Date
In.The.Land.Of.Blood.And.Honey.2011.BDRip.XviD.AC3-KoDeKinG,201,6,2.65 GiB (2849860434 Bytes),http://www.imdb.com/title/tt1714209/,,,,0,0,2012-03-19T10:52:53Z,scenebalance,[V],3,1,AA6706108C64611B9F607ACF8F828C5BD7C02303,,2012-09-27T22:48:16Z
