Title,Type,Files,Size,IMDB,Spoken Languages,Texted Languages,Tags,Quality (+),Quality (-),Uploaded,By,User Type,Seeders,Leechers,Info Hash,Picture,Capture Date
"1 Girl 5 Gays-Season 2,Episode 14",205,3,71.62 MiB (75098799 Bytes),,English,,"""1 girl 5 gays"",""gays"",""girl"",""mtv"",""canada"",""mtv canada""",1,0,2012-05-01T03:30:37Z,GhettoDiva,,0,1,78A3760990B58CA189F397940E717CBBD8D553A8,,2012-09-24T22:37:31Z
