Title,Type,Files,Size,IMDB,Spoken Languages,Texted Languages,Tags,Quality (+),Quality (-),Uploaded,By,User Type,Seeders,Leechers,Info Hash,Picture,Capture Date
Order and Chaos,408,1,8.23 MiB (8633135 Bytes),,,,"""Order and Chaos"",""Order and Chaos hd"",""Order and Chaos android"",""free Order and Chaos"",""free Order and Chaos android"",""download free Order and Chaos"",""download Order and Chaos"",""download android Order and Cha"",""downl""",1,1,2012-11-03T22:53:35Z,Anonymous,,2,1,76856D7EB7CFEC79A0EC6980603451B7690199E6,,2012-11-28T10:49:27Z
