Title,Type,Files,Size,IMDB,Spoken Languages,Texted Languages,Tags,Quality (+),Quality (-),Uploaded,By,User Type,Seeders,Leechers,Info Hash,Picture,Capture Date
NoCumDodgingAllowed.13.01.01.Katsumi.XXX.WMV-YAPG,599,3,343.32 MiB (359996414 Bytes),,,,"""All Sex"",""Hardcore"",""Oral""",0,0,2013-01-03T16:32:08Z,R0thschild,[V],15,6,B2517A3437472020596B911CFAD92B58A97F75C3,,2013-01-11T10:53:23Z
