Filename,Size,Unit
Zameer Ke Bande 1978 ~ Phantom.DaX@desibbrg.com.avi,555.25,M
Release_By_DaX_at_www.desibbrg.com.txt,10.43,K
