Filename,Size,Unit
Bangbros-Fuckteamfive-Shopping Mall Nut-bbw7592_3000.mp4,1012.89,M
