Title,Type,Files,Size,IMDB,Spoken Languages,Texted Languages,Tags,Quality (+),Quality (-),Uploaded,By,User Type,Seeders,Leechers,Info Hash,Picture,Capture Date
Beat Mix Vol. 31,101,1,146.2 MiB (153304350 Bytes),,,,,0,0,2012-09-03T18:46:24Z,DMXCrew_Noah,,4,0,8EBB3438AE1D75FA56EC8C7FAC7DF3F78F445DD7,http://image.bayimg.com/iabooaaen.jpg,2012-09-15T22:18:37Z
