Title,Type,Files,Size,IMDB,Spoken Languages,Texted Languages,Tags,Quality (+),Quality (-),Uploaded,By,User Type,Seeders,Leechers,Info Hash,Picture,Capture Date
Evita Pozzi & Chastity Lyn - Touch And Feel,506,1,476.42 MiB (499563219 Bytes),,,,"""Anal"",""Evita Pozzi""",0,0,2012-10-17T15:14:00Z,irealu69,[V],5,1,823C27AAC6C29C36C903663B070B7D51D5883111,http://image.bayimg.com/maefoaaed.jpg,2012-11-25T23:58:32Z
