Filename,Size,Unit
Heroine (2012) 1CD CAMRip [New Source] XviD.avi,710.74,M
