Title,Type,Files,Size,IMDB,Spoken Languages,Texted Languages,Tags,Quality (+),Quality (-),Uploaded,By,User Type,Seeders,Leechers,Info Hash,Picture,Capture Date
Jonathan Butler Discography 2000-2010 (14 Releases),101,179,1.21 GiB (1303338860 Bytes),,,,"""Christian Music""",0,0,2012-04-10T03:56:57Z,TorrentTracts,[V],16,7,4C9F5B0A48F0A283D4FEB9494FF39CBB9054D411,,2012-09-26T07:12:45Z
