User Type,Username,Date,Text
,aP1LGR1M,2012-03-08T15:22Z,"There's gotta be a better one out there. Doesn't seem like a BRRip - watchable though.
A/V - 9/9"
