Filename,Size,Unit
Info/72365.jpg,23.55,K
Info/Het NLtoppers team.txt,774,B
Info/NLtoppers.jpg,263.03,K
Info/Torrent downloaded from Demonoid.me.txt,46,B
Info/Torrent Downloaded From ExtraTorrent.com.txt,353,B
Info/Torrent Downloaded From h33t.com.txt,39,B
THIN.ICE.2012.avi,690.12,M
