Title,Type,Files,Size,IMDB,Spoken Languages,Texted Languages,Tags,Quality (+),Quality (-),Uploaded,By,User Type,Seeders,Leechers,Info Hash,Picture,Capture Date
Pawg - Body Of A Goddess! - Austin Taylor [HD 720p] [mp4] ,505,2,1.26 GiB (1355750831 Bytes),,,,"""Big Ass"",""Blonde"",""Blowjob"",""Cumshot"",""Handjob"",""Hardcore"",""Natural Tits"",""Pornstar"",""Tittyfuck"",""White""",0,0,2012-12-13T08:28:53Z,R0thschild,[V],5,4,CE40D95AFC5CC3B0DB99D4F1F9F6773FE14F4933,,2013-01-09T13:09:44Z
