Filename,Size,Unit
buying.alaska.0107-yestv.mp4,217.07,M
buying.alaska.0107-yestv.nfo,170,B
First Read This Guide.txt,580,B
Sample/buying.alaska.0107-yestv-sample.mp4,10.64,M
www.Torrentday.com.txt,580,B
