User Type,Username,Date,Text
,rider36,2012-10-20T03:25Z,Thanks! You are the best!!! 
