Title,Type,Files,Size,IMDB,Spoken Languages,Texted Languages,Tags,Quality (+),Quality (-),Uploaded,By,User Type,Seeders,Leechers,Info Hash,Picture,Capture Date
Pro Amateur 84 [DvdRip].avi,501,2,1.36 GiB (1464504320 Bytes),,,,"""All Sex"",""Oral"",""Amateur"",""Toys""",0,0,2013-01-02T02:49:42Z,SplashPt,[V],9,4,FB9448A371C30989E8E6E4B69CE355E03332A3A0,,2013-01-11T08:16:19Z
