Filename,Size,Unit
dickv.jpg,205.37,K
Read this before playing this Video.txt,222,B
The Dictator 2012 UNRATED BRRip XviD Ac3 Feel-Free.avi,1.21,G
The Dictator 2012 UNRATED BRRip XviD Ac3 Feel-Free.nfo,3.2,K
Torrent have been downloaded from Scenetime.com.txt,222,B
vlcsnap-2012-08-06-18h01m32s47.png,297.17,K
vlcsnap-2012-08-06-18h01m49s223.png,216.03,K
vlcsnap-2012-08-06-18h02m15s226.png,329.18,K
vlcsnap-2012-08-06-18h02m46s11.png,321.28,K
