Title,Type,Files,Size,IMDB,Spoken Languages,Texted Languages,Tags,Quality (+),Quality (-),Uploaded,By,User Type,Seeders,Leechers,Info Hash,Picture,Capture Date
Worlds Greenest Homes Season 2 14of19 Claremont House XviD AC3 ,205,1,349.26 MiB (366223360 Bytes),,English,,"""mvgroup"",""documentary""",0,0,2012-08-04T23:28:09Z,MVGroup,[V],16,0,F08BAE370207BEED83932BF35C949AC893E18FB9,http://image.bayimg.com/haajbaaen.jpg,2012-09-18T15:19:49Z
