Title,Type,Files,Size,IMDB,Spoken Languages,Texted Languages,Tags,Quality (+),Quality (-),Uploaded,By,User Type,Seeders,Leechers,Info Hash,Picture,Capture Date
Devorack -Old World-New World [Mp3],101,42,484.79 MiB (508336515 Bytes),,,,,0,0,2012-07-19T09:22:53Z,virana,[V],8,2,6DCAC2213887E22C0FC7A3E951CA0D1183016C65,http://image.bayimg.com/kaajnaaec.jpg,2012-09-19T20:49:16Z
