Filename,Size,Unit
Eastwood_Rubio_Romney_Republican National Convention_1080p-2012-08-25.mp4,901.02,M
