Filename,Size,Unit
Jack's POV 19 - Charley Chase.avi,300.49,M
