Title,Type,Files,Size,IMDB,Spoken Languages,Texted Languages,Tags,Quality (+),Quality (-),Uploaded,By,User Type,Seeders,Leechers,Info Hash,Picture,Capture Date
Little Bruce - XXXtra Manish (1994),101,12,123.05 MiB (129030144 Bytes),,,,"""Little Bruce"",""XXXtra Manish"",""Bay Area""",0,0,2012-06-23T00:51:59Z,Sackilla666,[T],2,1,3D3A6821B7A873A61650DD3CD4EA29D7A964DBD7,http://image.bayimg.com/kapipaade.jpg,2012-09-21T11:33:16Z
