Title,Type,Files,Size,IMDB,Spoken Languages,Texted Languages,Tags,Quality (+),Quality (-),Uploaded,By,User Type,Seeders,Leechers,Info Hash,Picture,Capture Date
El Lagarto Hipotetico Live@EccosVideo.avi,203,1,27.38 MiB (28711732 Bytes),,,,"""el lagarto hipotetico"",""eccos""",0,0,2012-12-22T18:12:52Z,Fenki,,1,0,C9965B61FC88F9F226C80DF42DC4D6A90FB41B34,,2013-01-10T16:03:57Z
