Title,Type,Files,Size,IMDB,Spoken Languages,Texted Languages,Tags,Quality (+),Quality (-),Uploaded,By,User Type,Seeders,Leechers,Info Hash,Picture,Capture Date
Formula 1 2012 Inside Grand Prix Round Fifteen Japan,205,1,333.53 MiB (349734954 Bytes),,English,,,2,0,2012-10-04T15:01:44Z,footy,[T],61,13,4D43D8EFC099351C5ADA7880FDA73F3BEC2D51B5,,2012-10-05T11:06:05Z
