Filename,Size,Unit
"DMT NFO, Read before Playing.txt",1.58,K
dmt4.png,78.32,K
Torrent downloaded from Demonoid.me.txt,46,B
Two.and.a.Half.Men.S09E23.avi,169.5,M
