Filename,Size,Unit
Fantasy Mission Force (1982) www.TamilRockers.com.divx,689.18,M
