Title,Type,Files,Size,IMDB,Spoken Languages,Texted Languages,Tags,Quality (+),Quality (-),Uploaded,By,User Type,Seeders,Leechers,Info Hash,Picture,Capture Date
Max Payne 3 soundtracks,101,25,216.94 MiB (227479004 Bytes),,,,"""sound max rockstar payne 3""",0,0,2012-06-24T15:54:07Z,TorrentDownloader,,1,3,00183C2C768D8730308850B1EABCBFA1F8B20C0F,,2012-09-21T09:08:21Z
