Filename,Size,Unit
TNA Impact HDTV 2012-06-28 720p H264 AVCHD-SC-SDH screenshots.jpg,776.44,K
TNA Impact HDTV 2012-06-28 720p H264 AVCHD-SC-SDH.mkv,2.45,G
TNA Impact HDTV 2012-06-28 720p H264 AVCHD-SC-SDH.nfo,2.97,K
TNA iMPACT Wrestling HD.jpg,165.83,K
