Filename,Size,Unit
The.Big.Bang.Theory.S06E11.The.Santa.Simulation.1080p.WEB-DL.DD5.1.H.264.mkv,868.35,M
