Filename,Size,Unit
"DMT NFO, Read before Playing.txt",1.73,K
DMT.png,78.32,K
Mirror Mirror (2012) TS(xvid) NL Subs DMT.avi,979.98,M
Torrent downloaded from Demonoid.me.txt,46,B
