Filename,Size,Unit
XKEYDVDMENU.rar,76.26,M
