Title,Type,Files,Size,IMDB,Spoken Languages,Texted Languages,Tags,Quality (+),Quality (-),Uploaded,By,User Type,Seeders,Leechers,Info Hash,Picture,Capture Date
"TeenSexMovs - Juliya And Milena ** May 21, 2007 **",506,1,557.39 MiB (584464477 Bytes),,,,,0,0,2012-04-14T16:38:14Z,Xavier461,,5,6,681A02ADBB309CC8DEF9446CA5488A2950AABB54,,2012-09-26T00:07:17Z
