Filename,Size,Unit
PSYCHEDELIC VIXEN/bianca_beauchamp_photos_09.jpg,1.42,M
PSYCHEDELIC VIXEN/bianca_beauchamp_photos_10.jpg,1.37,M
PSYCHEDELIC VIXEN/bianca_beauchamp_photos_11.jpg,1.3,M
PSYCHEDELIC VIXEN/bianca_beauchamp_photos_12.jpg,886.67,K
PSYCHEDELIC VIXEN/psychadelicorange001_001.jpg,1.17,M
PSYCHEDELIC VIXEN/psychadelicorange002_002.jpg,1.06,M
PSYCHEDELIC VIXEN/psychadelicorange003_003.jpg,1.21,M
PSYCHEDELIC VIXEN/psychadelicorange004_004.jpg,1.22,M
PSYCHEDELIC VIXEN/psychadelicorange005_005.jpg,1.14,M
PSYCHEDELIC VIXEN/psychadelicorange006_006.jpg,1.25,M
PSYCHEDELIC VIXEN/psychadelicorange007_007.jpg,1.12,M
PSYCHEDELIC VIXEN/psychadelicorange008_008.jpg,926.61,K
PSYCHEDELIC VIXEN/psychadelicorange009_009.jpg,1.16,M
PSYCHEDELIC VIXEN/psychadelicorange010_010.jpg,1.23,M
PSYCHEDELIC VIXEN/psychadelicorange011_011.jpg,1.24,M
PSYCHEDELIC VIXEN/psychadelicorange013_012.jpg,1.24,M
PSYCHEDELIC VIXEN/psychadelicorange015_013.jpg,1.21,M
PSYCHEDELIC VIXEN/psychadelicorange016_014.jpg,1.31,M
PSYCHEDELIC VIXEN/psychadelicorange018_015.jpg,1.35,M
PSYCHEDELIC VIXEN/psychadelicorange019_016.jpg,1.24,M
PSYCHEDELIC VIXEN/psychadelicorange020_017.jpg,1.24,M
PSYCHEDELIC VIXEN/psychadelicorange021_018.jpg,1.24,M
PSYCHEDELIC VIXEN/psychadelicorange022_019.jpg,1.26,M
PSYCHEDELIC VIXEN/psychadelicorange023_020.jpg,1.99,M
PSYCHEDELIC VIXEN/psychadelicorange024_021.jpg,1.07,M
PSYCHEDELIC VIXEN/psychadelicorange025_022.jpg,1.23,M
PSYCHEDELIC VIXEN/psychadelicorange029_023.jpg,1.1,M
PSYCHEDELIC VIXEN/psychadelicorange032_024.jpg,1.59,M
PSYCHEDELIC VIXEN/psychadelicorange034_025.jpg,1.05,M
PSYCHEDELIC VIXEN/psychadelicorange036_026.jpg,1.53,M
PSYCHEDELIC VIXEN/psychadelicorange037_027.jpg,1.2,M
PSYCHEDELIC VIXEN/psychadelicorange041_028.jpg,1.1,M
PSYCHEDELIC VIXEN/psychadelicorange042_029.jpg,1.14,M
PSYCHEDELIC VIXEN/psychadelicorange043_030.jpg,1.09,M
PSYCHEDELIC VIXEN/psychadelicorange044_031.jpg,1.13,M
PSYCHEDELIC VIXEN/psychadelicorange046_032.jpg,1.23,M
PSYCHEDELIC VIXEN/psychadelicorange049_033.jpg,1.49,M
PSYCHEDELIC VIXEN/psychadelicorange050_034.jpg,1.19,M
PSYCHEDELIC VIXEN/psychadelicorange051_035.jpg,1.11,M
PSYCHEDELIC VIXEN/psychadelicorange053_036.jpg,1.04,M
PSYCHEDELIC VIXEN/psychadelicorange056_037.jpg,1.48,M
PSYCHEDELIC VIXEN/psychadelicorange057_038.jpg,1.09,M
PSYCHEDELIC VIXEN/psychadelicorange058_039.jpg,1.05,M
PSYCHEDELIC VIXEN/psychadelicorange059_040.jpg,916.42,K
PSYCHEDELIC VIXEN/psychadelicorange060_041.jpg,1.28,M
PSYCHEDELIC VIXEN/psychadelicorange061_042.jpg,1.22,M
PSYCHEDELIC VIXEN/psychadelicorange062_043.jpg,1.63,M
PSYCHEDELIC VIXEN/psychadelicorange063_044.jpg,1.06,M
PSYCHEDELIC VIXEN/psychadelicorange064_045.jpg,1009.19,K
PSYCHEDELIC VIXEN/psychadelicorange065_046.jpg,1.17,M
PSYCHEDELIC VIXEN/psychadelicorange066_047.jpg,1.23,M
PSYCHEDELIC VIXEN/psychadelicorange068_048.jpg,1.15,M
PSYCHEDELIC VIXEN/psychadelicorange069_049.jpg,1.17,M
PSYCHEDELIC VIXEN/psychadelicorange070_050.jpg,1.01,M
PSYCHEDELIC VIXEN/psychadelicorange071_051.jpg,874.05,K
PSYCHEDELIC VIXEN/psychadelicorange073_052.jpg,1.14,M
PSYCHEDELIC VIXEN/psychadelicorange075_053.jpg,1.06,M
PSYCHEDELIC VIXEN/psychadelicorange077_054.jpg,1.19,M
PSYCHEDELIC VIXEN/psychadelicorange078_055.jpg,1.68,M
PSYCHEDELIC VIXEN/psychadelicorange079_056.jpg,1.07,M
PSYCHEDELIC VIXEN/psychadelicorange080_057.jpg,1.13,M
PSYCHEDELIC VIXEN/psychadelicorange081_058.jpg,991.19,K
PSYCHEDELIC VIXEN/psychadelicorange082_059.jpg,1010.85,K
PSYCHEDELIC VIXEN/psychadelicorange083_060.jpg,1.02,M
PSYCHEDELIC VIXEN/psychadelicorange085_061.jpg,1.01,M
PSYCHEDELIC VIXEN/psychadelicorange086_062.jpg,811.62,K
PSYCHEDELIC VIXEN/psychadelicorange087_063.jpg,1.11,M
PSYCHEDELIC VIXEN/psychadelicorange088_064.jpg,1.04,M
PSYCHEDELIC VIXEN/psychadelicorange089_065.jpg,1.27,M
PSYCHEDELIC VIXEN/psychadelicorange090_066.jpg,1.01,M
PSYCHEDELIC VIXEN/psychadelicorange091_067.jpg,1019.39,K
PSYCHEDELIC VIXEN/psychadelicorange092_068.jpg,1.12,M
PSYCHEDELIC VIXEN/psychadelicorange093_069.jpg,961.38,K
PSYCHEDELIC VIXEN/psychadelicorange094_070.jpg,1.06,M
PSYCHEDELIC VIXEN/psychadelicorange095_071.jpg,1.03,M
PSYCHEDELIC VIXEN/psychadelicorange097_072.jpg,1.01,M
PSYCHEDELIC VIXEN/psychadelicorange098_073.jpg,1.01,M
PSYCHEDELIC VIXEN/psychadelicorange099_074.jpg,995.11,K
PSYCHEDELIC VIXEN/psychadelicorange100_075.jpg,977.27,K
PSYCHEDELIC VIXEN/psychadelicorange102_076.jpg,963.54,K
PSYCHEDELIC VIXEN/psychadelicorange105_077.jpg,978.21,K
PSYCHEDELIC VIXEN/psychadelicorange106_078.jpg,1.11,M
PSYCHEDELIC VIXEN/psychadelicorange107_079.jpg,1012.27,K
PSYCHEDELIC VIXEN/psychadelicorange108_080.jpg,1.05,M
PSYCHEDELIC VIXEN/psychadelicorange109_081.jpg,981.14,K
PSYCHEDELIC VIXEN/psychadelicorange110_082.jpg,1.05,M
PSYCHEDELIC VIXEN/psychadelicorange111_083.jpg,1.08,M
PSYCHEDELIC VIXEN/psychadelicorange112_084.jpg,1.05,M
PSYCHEDELIC VIXEN/psychadelicorange113_085.jpg,951.51,K
PSYCHEDELIC VIXEN/psychadelicorange114_086.jpg,1.75,M
PSYCHEDELIC VIXEN/psychadelicorange115_087.jpg,1.14,M
PSYCHEDELIC VIXEN/psychadelicorange116_088.jpg,1.02,M
PSYCHEDELIC VIXEN/psychadelicorange117_089.jpg,1.4,M
PSYCHEDELIC VIXEN/psychadelicorange118_090.jpg,1.04,M
PSYCHEDELIC VIXEN/psychadelicorange119_091.jpg,1.37,M
PSYCHEDELIC VIXEN/psychadelicorange120_092.jpg,1.47,M
PSYCHEDELIC VIXEN/psychadelicorange121_093.jpg,1.06,M
PSYCHEDELIC VIXEN/psychadelicorange123_094.jpg,1.14,M
PSYCHEDELIC VIXEN/psychadelicorange124_095.jpg,1.43,M
PSYCHEDELIC VIXEN/psychadelicorange125_096.jpg,1019.49,K
PSYCHEDELIC VIXEN/psychadelicorange126_097.jpg,835.48,K
PSYCHEDELIC VIXEN/psychadelicorange127_098.jpg,951.09,K
PSYCHEDELIC VIXEN/psychadelicorange128_099.jpg,965.49,K
PSYCHEDELIC VIXEN/psychadelicorange129_100.jpg,962.88,K
Torrent downloaded from hqpdb.com.nfo,48,B
