Title,Type,Files,Size,IMDB,Spoken Languages,Texted Languages,Tags,Quality (+),Quality (-),Uploaded,By,User Type,Seeders,Leechers,Info Hash,Picture,Capture Date
Big Tits Round Asses - Christine Rydhes HD 720p,505,1,683.04 MiB (716214380 Bytes),,,,"""Boobs"",""Christine""",0,0,2012-11-24T10:32:04Z,ElitePorn,,16,5,772F15E15B1E27D6BE3199DF511B7EC6F967D348,http://image.bayimg.com/ad3ec6bbe9f88240bc03da970b7354da3079cd9b.jpg,2012-12-03T07:03:26Z
