Title,Type,Files,Size,IMDB,Spoken Languages,Texted Languages,Tags,Quality (+),Quality (-),Uploaded,By,User Type,Seeders,Leechers,Info Hash,Picture,Capture Date
Sarena from 18XGirls,506,1,331.86 MiB (347981929 Bytes),,,,"""Anal"",""Oral"",""Hardcore""",0,0,2012-11-08T15:15:00Z,R0thschild,[V],4,1,BCDC85E76D8BB6C7105206C6AB9C8EF3053AAB41,,2012-11-30T16:19:24Z
