User Type,Username,Date,Text
,bigbullzi,2012-07-14T15:54Z,all lies! scripted!
