Filename,Size,Unit
19 Always Coming Back Home to You.mp3,12.62,M
12 Lifter Puller.mp3,8.67,M
14 National Disgrace.mp3,6.92,M
17 Good Times (Sick Pimpin').mp3,6.8,M
05 Gotta Lotta Walls.mp3,6.56,M
18 In My Continental.mp3,6.16,M
04 Reflections.mp3,5.94,M
02 Trying to Find A Balance.mp3,5.9,M
10 Cats Van Bags.mp3,5.53,M
15 Denvemolorado.mp3,4.39,M
13 Shoes.mp3,4.17,M
03 Bird Sings Why the Caged I Know.mp3,4.03,M
08 Suicidegirls.mp3,3.69,M
06 The Keys to Life Vs. 15 Minutes of Fame.mp3,3.63,M
16 Liquor Lyles Cool July.mp3,3.32,M
11 Los Angeles.mp3,3.08,M
07 Apple.mp3,2.74,M
01 History.mp3,1.94,M
09 Jason.mp3,1.09,M
