Filename,Size,Unit
ph2012-09-24-abc-960.mp4,474.14,M
