Filename,Size,Unit
Esse.e.O.Meu.Garoto.DVDRip.XviD.Dual.Audio-3LT0N.avi,900.37,M
"_____padding_file_0_if you see this file, please update to BitComet 0.85 or above____",134,K
Esse.e.O.Meu.Garoto.DVDRip.XviD.Dual.Audio-3LT0N.srt,127.82,K
