Title,Type,Files,Size,IMDB,Spoken Languages,Texted Languages,Tags,Quality (+),Quality (-),Uploaded,By,User Type,Seeders,Leechers,Info Hash,Picture,Capture Date
Van Wilder 3 (2009),201,1,250.74 MiB (262920660 Bytes),,English,,,0,0,2012-11-22T16:27:05Z,coolguyz,,0,3,B2E77688AADA9189F00D18EB0D00225E371F7CDF,,2012-12-02T23:25:59Z
