Title,Type,Files,Size,IMDB,Spoken Languages,Texted Languages,Tags,Quality (+),Quality (-),Uploaded,By,User Type,Seeders,Leechers,Info Hash,Picture,Capture Date
We.Bought.A.Zoo.2011.DVDRip.XviD.AC3-KoDeKinG,201,5,1.97 GiB (2114537593 Bytes),http://www.imdb.com/title/tt1389137/,,,,0,0,2012-03-18T23:37:46Z,TvTeam,[V],0,1,5187C604E5AB7CE8DC06BFB37558956F8295D650,,2012-09-27T23:27:45Z
