Filename,Size,Unit
YoungLegalPorn - Zaya ** NEW 26 may 2012 ** HD 720.mp4,769.12,M
