Title,Type,Files,Size,IMDB,Spoken Languages,Texted Languages,Tags,Quality (+),Quality (-),Uploaded,By,User Type,Seeders,Leechers,Info Hash,Picture,Capture Date
What Really Happened - 2012 Oct 10 WE [sebaygo1],199,10,29.84 MiB (31285130 Bytes),,,,"""what really happened"",""mike rivero"",""michael rivero""",0,0,2012-10-11T06:14:09Z,sebaygo1,[T],2,0,D05C026E40DE7CF0E468121F4C6F0FDA83D8609F,,2012-11-25T11:37:18Z
