Title,Type,Files,Size,IMDB,Spoken Languages,Texted Languages,Tags,Quality (+),Quality (-),Uploaded,By,User Type,Seeders,Leechers,Info Hash,Picture,Capture Date
Goddess Nudes Galina set 1,503,100,176.34 MiB (184910351 Bytes),,,,"""goddessnudes"",""galina""",2,0,2012-06-01T21:53:59Z,yourothermom,[V],3,5,6B530E7C3ED5BA642249E74F4A2D585597E22026,http://image.bayimg.com/faobmaadp.jpg,2012-09-22T23:48:48Z
