Title,Type,Files,Size,IMDB,Spoken Languages,Texted Languages,Tags,Quality (+),Quality (-),Uploaded,By,User Type,Seeders,Leechers,Info Hash,Picture,Capture Date
Twistys - Jenni.Lee.Lovely.In.Lingerie.XXX.720p,599,4,756.02 MiB (792743659 Bytes),,,,,0,0,2012-08-12T19:17:34Z,newupload,,9,9,F8A4B412E1F4164889345B7FFDFC4CF65B0A9838,,2012-09-17T23:42:24Z
