Title,Type,Files,Size,IMDB,Spoken Languages,Texted Languages,Tags,Quality (+),Quality (-),Uploaded,By,User Type,Seeders,Leechers,Info Hash,Picture,Capture Date
[21SexTury] Lisa (Dulsineya) - One Toy Is Not Enough For Lisa,501,1,453.28 MiB (475299372 Bytes),,,,,0,0,2012-03-04T01:37:39Z,exmnova,[T],1,0,264DE273A804307D2DA560CEA082414969B6E1DC,,2012-09-28T23:52:14Z
