User Type,Username,Date,Text
,zoso5150,2013-01-03T11:53Z,"great upload,thanks(a criminally underrated band IMHO)"
[T],LameDuck69,2013-01-03T19:31Z,You're Welcome.  I Would Have To Agree With You.
