Filename,Size,Unit
READ this before playing the Movie.txt,605,B
Santa.Paws.2.The.Santa.Pups.2012.DVDRip.XviD-ViP3R(Sample).avi,6.4,M
Santa.Paws.2.The.Santa.Pups.2012.DVDRip.XviD-ViP3R.avi,697.15,M
Santa.Paws.2.The.Santa.Pups.2012.DVDRip.XviD-ViP3R.nfo,2.59,K
SUBS/Santa.Paws.2.The.Santa.Pups.2012.DVDRip.XviD-ViP3R.idx,189.43,K
SUBS/Santa.Paws.2.The.Santa.Pups.2012.DVDRip.XviD-ViP3R.sub,19.63,M
www.Torrenting.com.txt,605,B
