User Type,Username,Date,Text
,Boychoir,2012-02-12T18:49Z,"Thank you very much boysinger for all your great torrents.
Boychoir"
,yerisan710,2012-04-05T01:48Z,Thank------------------------!!!!!!!!!!!!!!!
