Filename,Size,Unit
btis_julia_ann03_480p_2000.mp4,442.33,M
