Filename,Size,Unit
RARBG.com.txt,34,B
Sample/ktr.h1o1.12.08.23.lizz.tayler.mp4,35.68,M
ktr.h1o1.12.08.23.lizz.tayler.mp4,984.64,M
ktr.h1o1.12.08.23.lizz.tayler.nfo,6.84,K
