Title,Type,Files,Size,IMDB,Spoken Languages,Texted Languages,Tags,Quality (+),Quality (-),Uploaded,By,User Type,Seeders,Leechers,Info Hash,Picture,Capture Date
Journey.2.The.Mysterious.Island.2012.DVDRip.XviD.AC3-26k,201,9,1.25 GiB (1337964397 Bytes),http://www.imdb.com/title/tt1397514/,English,English,,0,0,2012-05-19T19:51:36Z,froggie100,[V],10,0,10367689E5711C11CEBB0D7E4163EB19BC48AC13,http://image.bayimg.com/naonaaadk.jpg,2012-09-23T19:59:33Z
