Filename,Size,Unit
Pics 21455/21455_ParkerLondon_KellyClare001.jpg,234.8,K
Pics 21455/21455_ParkerLondon_KellyClare002.jpg,243.43,K
Pics 21455/21455_ParkerLondon_KellyClare003.jpg,255.89,K
Pics 21455/21455_ParkerLondon_KellyClare004.jpg,248.34,K
Pics 21455/21455_ParkerLondon_KellyClare005.jpg,277.81,K
Pics 21455/21455_ParkerLondon_KellyClare006.jpg,240.76,K
Pics 21455/21455_ParkerLondon_KellyClare007.jpg,239.45,K
Pics 21455/21455_ParkerLondon_KellyClare008.jpg,222.12,K
Pics 21455/21455_ParkerLondon_KellyClare009.jpg,211.37,K
Pics 21455/21455_ParkerLondon_KellyClare010.jpg,183.31,K
Pics 21455/21455_ParkerLondon_KellyClare011.jpg,235.24,K
Pics 21455/21455_ParkerLondon_KellyClare012.jpg,245.65,K
Pics 21455/21455_ParkerLondon_KellyClare013.jpg,196.47,K
Pics 21455/21455_ParkerLondon_KellyClare014.jpg,237.34,K
Pics 21455/21455_ParkerLondon_KellyClare015.jpg,241.54,K
Pics 21455/21455_ParkerLondon_KellyClare016.jpg,251.95,K
Pics 21455/21455_ParkerLondon_KellyClare017.jpg,265.17,K
Pics 21455/21455_ParkerLondon_KellyClare018.jpg,271.43,K
Pics 21455/21455_ParkerLondon_KellyClare020.jpg,230.26,K
Pics 21455/21455_ParkerLondon_KellyClare021.jpg,264.17,K
Pics 21455/21455_ParkerLondon_KellyClare022.jpg,287.78,K
Pics 21455/21455_ParkerLondon_KellyClare023.jpg,265.11,K
Pics 21455/21455_ParkerLondon_KellyClare024.jpg,233.97,K
Pics 21455/21455_ParkerLondon_KellyClare025.jpg,255.46,K
Pics 21455/21455_ParkerLondon_KellyClare027.jpg,220.75,K
Pics 21455/21455_ParkerLondon_KellyClare028.jpg,213.38,K
Pics 21455/21455_ParkerLondon_KellyClare029.jpg,267.77,K
Pics 21455/21455_ParkerLondon_KellyClare030.jpg,231.69,K
Pics 21455/21455_ParkerLondon_KellyClare031.jpg,254.17,K
Pics 21455/21455_ParkerLondon_KellyClare032.jpg,242.77,K
Pics 21455/21455_ParkerLondon_KellyClare033.jpg,263.44,K
Pics 21455/21455_ParkerLondon_KellyClare034.jpg,209.79,K
Pics 21455/21455_ParkerLondon_KellyClare035.jpg,230.22,K
Pics 21455/21455_ParkerLondon_KellyClare036.jpg,232.4,K
Pics 21455/21455_ParkerLondon_KellyClare037.jpg,211.93,K
Pics 21455/21455_ParkerLondon_KellyClare038.jpg,227.88,K
Pics 21455/21455_ParkerLondon_KellyClare039.jpg,203.61,K
Pics 21455/21455_ParkerLondon_KellyClare040.jpg,207.51,K
Pics 21455/21455_ParkerLondon_KellyClare041.jpg,225.29,K
Pics 21455/21455_ParkerLondon_KellyClare042.jpg,193.12,K
Pics 21455/21455_ParkerLondon_KellyClare043.jpg,220.73,K
Pics 21455/21455_ParkerLondon_KellyClare044.jpg,180.45,K
Pics 21455/21455_ParkerLondon_KellyClare045.jpg,165.89,K
Pics 21455/21455_ParkerLondon_KellyClare046.jpg,264.85,K
Pics 21455/21455_ParkerLondon_KellyClare047.jpg,263.86,K
Pics 21455/21455_ParkerLondon_KellyClare048.jpg,210.43,K
Pics 21455/21455_ParkerLondon_KellyClare049.jpg,263.19,K
Pics 21455/21455_ParkerLondon_KellyClare050.jpg,255.85,K
Pics 21455/21455_ParkerLondon_KellyClare051.jpg,187.3,K
Pics 21455/21455_ParkerLondon_KellyClare052.jpg,224.32,K
Pics 21455/21455_ParkerLondon_KellyClare053.jpg,236.37,K
Pics 21455/21455_ParkerLondon_KellyClare054.jpg,192.72,K
Pics 21455/21455_ParkerLondon_KellyClare055.jpg,234.39,K
Pics 21455/21455_ParkerLondon_KellyClare056.jpg,264.61,K
Pics 21455/21455_ParkerLondon_KellyClare057.jpg,274.6,K
Pics 21455/21455_ParkerLondon_KellyClare058.jpg,250.65,K
Pics 21455/21455_ParkerLondon_KellyClare059.jpg,247.27,K
Pics 21455/21455_ParkerLondon_KellyClare060.jpg,233.24,K
Pics 21455/21455_ParkerLondon_KellyClare061.jpg,228.65,K
Pics 21455/21455_ParkerLondon_KellyClare062.jpg,215.11,K
Pics 21455/21455_ParkerLondon_KellyClare063.jpg,248.94,K
Pics 21455/21455_ParkerLondon_KellyClare064.jpg,238.28,K
Pics 21455/21455_ParkerLondon_KellyClare065.jpg,228.22,K
Pics 21455/21455_ParkerLondon_KellyClare066.jpg,220.73,K
Pics 21455/21455_ParkerLondon_KellyClare070.jpg,196.36,K
Pics 21455/21455_ParkerLondon_KellyClare072.jpg,178.32,K
Pics 21455/21455_ParkerLondon_KellyClare073.jpg,209.03,K
Pics 21455/21455_ParkerLondon_KellyClare074.jpg,181.47,K
Pics 21455/21455_ParkerLondon_KellyClare075.jpg,212.57,K
Pics 21455/21455_ParkerLondon_KellyClare076.jpg,265.65,K
Pics 21455/21455_ParkerLondon_KellyClare077.jpg,225.75,K
"TS - May 09, 2012 - Parker London and Kelly Clare (21455).mp4",1.17,G
"TS - May 09, 2012 - Parker London and Kelly Clare (21455).wmv",390.44,M
