Filename,Size,Unit
RIHANNA vs SHM vs PAUL JACOBSON - Leave The Love Behind... Stop (Gauffie mashup).mp3,9.41,M
