Title,Type,Files,Size,IMDB,Spoken Languages,Texted Languages,Tags,Quality (+),Quality (-),Uploaded,By,User Type,Seeders,Leechers,Info Hash,Picture,Capture Date
2010 - The mechanic.avi,201,1,1.42 GiB (1529032704 Bytes),,Spanish,,"""Jason"",""Statham""",0,0,2012-06-16T01:46:43Z,foromasterking,[T],3,0,ABDAB2A4BD3EB50CB68E8CB87217E69181149754,,2012-09-22T00:35:43Z
