Filename,Size,Unit
03 - The Gospel Stars - Give God A Chance.mp3,8.96,M
20 - Liz Lands & The Voices Of Salvation - We Shall Overcome.mp3,8.09,M
15 - Mary Wells - What's Easy For Two Is Hard For One.mp3,6.71,M
11 - The Morrocco Muzik Makers - Pig Knuckles.mp3,6.62,M
21 - Liz Lands - Trouble In This Land.mp3,6.57,M
"13 - LaBrenda Ben - I Can't Help It, I Gotta Dance.mp3",6.55,M
18 - Marvin Gaye - Can I Get A Witness.mp3,6.45,M
01 - Martha & The Vandellas - Heat Wave.mp3,6.44,M
05 - The Miracles - Mickey's Monkey.mp3,6.36,M
25 - Eddie Holland - I Couldn't Cry If I Wanted To.mp3,6.27,M
19 - Marvin Gaye - I'm Crazy 'Bout My Baby.mp3,6.27,M
24 - Eddie Holland - I'm On The Outside Looking In.mp3,6.26,M
"16 - Little Stevie Wonder - Work Out Stevie, Work Out.mp3",6.26,M
17 - Little Stevie Wonder - Monkey Talk.mp3,6.23,M
04 - The Gospel Stars - Have You Any Time For Jesus.mp3,6.04,M
12 - LaBrenda Ben - Just Be Yourself.mp3,6.02,M
06 - The Miracles - Whatever Makes You Happy.mp3,5.9,M
07 - The Velvelettes - There He Goes.mp3,5.9,M
22 - The Marvelettes - As Long As I Know He's Mine.mp3,5.83,M
14 - Mary Wells - You Lost The Sweetest Boy.mp3,5.83,M
23 - The Marvelettes - He Won't Be True (Little Girl Blue).mp3,5.82,M
02 - Martha & The Vandellas - A Love Like Yours (Don't Come Knocking Everyday).mp3,5.73,M
09 - Little Stevie Wonder - I Call It Pretty Music (Part 1) (2nd Pressing).mp3,5.69,M
08 - The Velvelettes - That's The Reason Why.mp3,5.37,M
10 - The Morrocco Muzik Makers - Back To School Again.mp3,4.99,M
V.A. - The Complete Motown Singles Vol.03 - Front.jpg,455.06,K
V.A. - The Complete Motown Singles Vol.03 - Back.jpg,176.48,K
The Complete Motown Singles_ Vol 3 (1963) (CD4) - (Back).jpg,115.06,K
team robin hood.jpg,80.91,K
V.A. - The Complete Motown Singles Vol.03 - CD 14.jpg,69.42,K
The Complete Motown Singles Volume 3 (Disc 14).m3u,1.32,K
