Filename,Size,Unit
01-Suite II Overture.flac,12.42,M
02-Dance Or Die (featuring Saul Williams).flac,21.2,M
03-Faster.flac,22.03,M
04-Locked Inside.flac,27.9,M
05-Sir Greendown.flac,10.59,M
06-Cold War.flac,23.69,M
07-Tightrope (featuring Big Boi).flac,28.86,M
08-Neon Gumbo.flac,8.82,M
"09-Oh, Maker.flac",20.31,M
10-Come Alive (War Of The Roses).flac,20.73,M
11-Mushrooms & Roses.flac,33.68,M
12-Suite III Overture.flac,8.59,M
13-Neon Valley Street.flac,23.6,M
14-Make the Bus (featuring Of Montreal).flac,22.49,M
15-Wondaland.flac,22.93,M
16-57821 (featuring Deep Cotton).flac,17.93,M
17-Say You'll Go.flac,29.17,M
18-Babopbyeya.flac,45.95,M
