Title,Type,Files,Size,IMDB,Spoken Languages,Texted Languages,Tags,Quality (+),Quality (-),Uploaded,By,User Type,Seeders,Leechers,Info Hash,Picture,Capture Date
Simple Pickup: Project Go - Week 25: Not Being Perfect,299,1,343.16 MiB (359825371 Bytes),,,,"""simplepickup"",""simple"",""pickup"",""projectgo"",""project""",1,0,2012-11-12T05:16:50Z,moonstar14,,33,3,A396DE9877862F3BC7CBB67FC92A699520006CF1,,2012-12-01T13:01:00Z
