Title,Type,Files,Size,IMDB,Spoken Languages,Texted Languages,Tags,Quality (+),Quality (-),Uploaded,By,User Type,Seeders,Leechers,Info Hash,Picture,Capture Date
ArKaos GrandVJ v1.6.5 WiN Cracked - BRD [deepstatus],301,2,177.75 MiB (186387724 Bytes),,,,,0,0,2012-10-30T20:28:24Z,deepstatus,[T],30,1,662DA6BDE3DCAA724C539C7D27EAAC6B3B2C5408,,2012-11-27T01:37:09Z
