Filename,Size,Unit
Craig David - Off The Hook - Live @ Wembley.avi,638.6,M
