Filename,Size,Unit
Powered by imagedomino.com.nfo,0,B
ready_to_rock_big.mp4,375.23,M
