Title,Type,Files,Size,IMDB,Spoken Languages,Texted Languages,Tags,Quality (+),Quality (-),Uploaded,By,User Type,Seeders,Leechers,Info Hash,Picture,Capture Date
X-Art - Silvie Unbelievably Beautiful HD 1080p,505,1,877.98 MiB (920629461 Bytes),,,,"""X-Art"",""Silvie""",0,0,2012-08-27T16:18:01Z,irealu69,,44,6,79A5C92B41677C1E31910BFF5F72AAC01258B0EA,http://image.bayimg.com/iablgaaej.jpg,2012-09-16T12:40:49Z
