Title,Type,Files,Size,IMDB,Spoken Languages,Texted Languages,Tags,Quality (+),Quality (-),Uploaded,By,User Type,Seeders,Leechers,Info Hash,Picture,Capture Date
The.Jonathan.Ross.Show.S02E06.720p.HDTV.x264-FTP,208,25,937.54 MiB (983085440 Bytes),,,,,0,0,2012-02-12T00:24:43Z,sceneline,[V],0,0,633430536CE4643D3AF9CEAFE0EF8D154D52927C,,2012-09-30T07:34:29Z
