Title,Type,Files,Size,IMDB,Spoken Languages,Texted Languages,Tags,Quality (+),Quality (-),Uploaded,By,User Type,Seeders,Leechers,Info Hash,Picture,Capture Date
For.Better.or.Worse.2011.S02E23.PROPER.720p.HDTV.x264-2HD,208,21,730.38 MiB (765859731 Bytes),,,,,0,0,2012-09-30T05:08:07Z,sceneline,[V],0,6,25DB71A89ED2D738AE7939D7A6E6D0BC1F43A8A8,,2012-10-05T05:27:52Z
