Title,Type,Files,Size,IMDB,Spoken Languages,Texted Languages,Tags,Quality (+),Quality (-),Uploaded,By,User Type,Seeders,Leechers,Info Hash,Picture,Capture Date
American.Restoration.S02E33.HDTV.xvid-][ Customer Doesnt Know Be,205,1,173.85 MiB (182296428 Bytes),,English,English,"""dealers"",""collectors"",""antiques"",""reality""",3,0,2012-10-18T08:29:37Z,psspss,[V],17,3,2569268C1888824505970D43F92313DFADDC80BD,,2012-11-26T01:34:40Z
