User Type,Username,Date,Text
[V],Maverick2587,2012-11-26T20:17Z,"Please Seed,comment and rate!"
