Filename,Size,Unit
First Read This Guide.txt,466,B
Seconds.from.Disaster.S04E05.Cable.Car.Collision.480p.HDTV.x264-mSD.mkv,250.78,M
Seconds.from.Disaster.S04E05.Cable.Car.Collision.480p.HDTV.x264-mSD.nfo,1.12,K
www.Torrentday.com.txt,466,B
