Filename,Size,Unit
3-01 Explosive Eighteen.m4a,36.85,M
4-01 Explosive Eighteen.m4a,36.67,M
1-01 Explosive Eighteen.m4a,36.56,M
2-01 Explosive Eighteen.m4a,35.25,M
5-01 Explosive Eighteen.m4a,34.2,M
index[2].jpg,32.92,K
