Filename,Size,Unit
MLSro.rar,1.24,G
