Title,Type,Files,Size,IMDB,Spoken Languages,Texted Languages,Tags,Quality (+),Quality (-),Uploaded,By,User Type,Seeders,Leechers,Info Hash,Picture,Capture Date
SpunkyAngels.com_11.12.21.Charlie.Laine.Merry.Christmas,503,89,38.97 MiB (40859742 Bytes),,,,"""SpunkyAngels""",1,0,2012-06-19T10:48:10Z,lazyman333,[T],2,1,4FE96FE2D91BF0303854D002B311CE5AA250E743,http://image.bayimg.com/fapijaadd.jpg,2012-09-21T20:01:33Z
