Filename,Size,Unit
Bikini Dare -( Morena Picante ) Georgina 05.rar,529.93,M
