Filename,Size,Unit
nfo.txt,2.42,K
Read this before playing this Video.txt,222,B
sample.avi,13.57,M
The Bourne Legacy 2012 CAM NEW XViD AC3 - TODE.avi,700.19,M
Torrent have been downloaded from Scenetime.com.txt,222,B
vlcsnap-2012-08-27-15h09m58s25.png,295.11,K
vlcsnap-2012-08-27-15h10m41s221.png,251.89,K
vlcsnap-2012-08-27-15h11m22s122.png,256.63,K
vlcsnap-2012-08-27-15h12m08s54.png,276.27,K
