Title,Type,Files,Size,IMDB,Spoken Languages,Texted Languages,Tags,Quality (+),Quality (-),Uploaded,By,User Type,Seeders,Leechers,Info Hash,Picture,Capture Date
The.Baytown.Outlaws.2012.DVDRip.DownSpaces,201,1,679.19 MiB (712184090 Bytes),,English,English,,0,0,2012-12-05T02:09:59Z,DownSpace,,16,5,1AC4AA34B6C69A3AD63B9FC79E788B17EB92018A,,2012-12-07T22:38:25Z
