Filename,Size,Unit
3669.flv,58.55,M
