Filename,Size,Unit
Rachmaninov_Etude Tableaux_Denis Matsuev_Torr.FLV,38.51,M
