Title,Type,Files,Size,IMDB,Spoken Languages,Texted Languages,Tags,Quality (+),Quality (-),Uploaded,By,User Type,Seeders,Leechers,Info Hash,Picture,Capture Date
VA - Amsterdam Hard Dance Anthems WEB 2012-EiTheLMP3,101,20,229.94 MiB (241106798 Bytes),,,,"""Amsterdam"",""Hard Dance"",""Anthems"",""TOTALHDE001"",""2012"",""Trance"",""Alex Kidd"",""Argy (Uk)"",""Brk3"",""Thera"",""Fausto"",""Wragg"",""Logone"",""Lee Pasch"",""Luca Antolini"",""Nomad"",""Organ Donors"",""Phil York"",""Kidd Kaos"",""Sa Vee Oh"",""Stana"",""Thilo & Evanti"",""MP""",0,0,2012-10-18T03:17:26Z,xtrancex,[V],17,2,1B2AF6720093DB92FD931F07AD57631C96A5E108,http://image.bayimg.com/caeoaaaed.jpg,2012-11-26T01:14:26Z
