Filename,Size,Unit
"01 Work Hard, Play Hard.mp3",8.57,M
