Filename,Size,Unit
Chaar Din Ki Chandni.avi,901.52,M
Team xRG.rar,1.81,M
Chaar Din Ki Chandni.srt,163.93,K
