Filename,Size,Unit
Cover+Info/ehj6s1.jpg,660.68,K
Cover+Info/Total_Recall_(2012)_R0_CUSTOM-[front]-[www.FreeCovers.net].jpg,113.51,K
Cover+Info/Total_Recall_(2012)_R0_CUSTOM-[back]-[www.FreeCovers.net].jpg,102.3,K
Cover+Info/Total_Recall_(2012)_R0_CUSTOM-[cd]-[www.FreeCovers.net].jpg,100.03,K
Cover+Info/Total_Recall_(2012)_R0_CUSTOM-[cd2]-[www.FreeCovers.net].jpg,92.77,K
Cover+Info/Black-Sam.txt,124,B
Cover+Info/Torrent_downloaded_from_AhaShare.com.txt,63,B
Cover+Info/Torrent Downloaded from deemtrack.in.txt,44,B
Cover+Info/Torrent Downloaded from SilverTorrents.org..txt,43,B
Cover+Info/tracked By movie-torrentz.txt,36,B
Cover+Info/Torrent download from udp tracker.btscene.eu 80 announce.txt,36,B
Dutch Subs/Total.Recall.2012.EXTENDED.DC.720p.BRRip.x264.AAC-ViSiON.srt,78.58,K
English Subs/Total.Recall.2012.EXTENDED.DC.1080p.BluRay.DTS.x264-PublicHD.srt,95.38,K
total.recall.2012.extended.dc.720p.brrip.xvid.ac3-vision.avi,3.25,G
863609.jpg,296.35,K
