Title,Type,Files,Size,IMDB,Spoken Languages,Texted Languages,Tags,Quality (+),Quality (-),Uploaded,By,User Type,Seeders,Leechers,Info Hash,Picture,Capture Date
BORIS FX V10.0.1 MACOSX64 Keygen Only - XFORCE [deepstatus],302,2,71.86 KiB (73582 Bytes),,,,,0,0,2012-06-09T17:09:56Z,psydeep,,9,1,76298D30EBC00695356887D15473B794CDB88070,http://image.bayimg.com/gappoaada.jpg,2012-09-22T09:52:29Z
