Title,Type,Files,Size,IMDB,Spoken Languages,Texted Languages,Tags,Quality (+),Quality (-),Uploaded,By,User Type,Seeders,Leechers,Info Hash,Picture,Capture Date
Home Run Showdown 2012 DVDRip XviD-FiCO,201,2,700.11 MiB (734117483 Bytes),,English,,,0,0,2012-09-07T19:47:51Z,crazy-torrent,[V],6,0,51E078473722517DAC02B4A368828DC12354190C,,2012-10-01T11:26:02Z
