Title,Type,Files,Size,IMDB,Spoken Languages,Texted Languages,Tags,Quality (+),Quality (-),Uploaded,By,User Type,Seeders,Leechers,Info Hash,Picture,Capture Date
Le Havre 2011.720p.BDRip.x264.AC3-Zoo.[PHD],207,5,2.05 GiB (2201698861 Bytes),http://www.imdb.com/title/tt1508675/,French,,"""Le Havre 2011.720p.BDRip.x264.""",0,0,2012-03-21T20:19:08Z,WORD7BBC,[T],77,5,65A800A07CA24A4C7C33D923605CEF7BAD6F929C,http://image.bayimg.com/pangoaadh.jpg,2012-09-27T18:49:36Z
