Filename,Size,Unit
04Story.mp3,26.87,M
01Leonelda.mp3,16.02,M
06Last Chapter.mp3,14.75,M
05Moon Seasons.mp3,12.79,M
03To Hell Or To Heaven.mp3,12.33,M
02Sands Of Time.mp3,10.02,M
The path to glory BACK.JPEG,227.14,K
The path to glory FRONT.JPEG,187.24,K
Legend Maker.pdf,55.69,K
Legend Maker - The Path to Glory.pdf,41.92,K
