Title,Type,Files,Size,IMDB,Spoken Languages,Texted Languages,Tags,Quality (+),Quality (-),Uploaded,By,User Type,Seeders,Leechers,Info Hash,Picture,Capture Date
Jordan Robert - Rt18 - Cuchillo De Sueños,601,1,1.1 MiB (1149542 Bytes),,,Spanish,"""Jordan"",""Cuchillo"",""Sueños""",0,0,2012-11-05T02:21:53Z,Pirhans,,2,1,A23B883B195B26693DCB810AAE90A106AAC554EF,,2012-11-28T12:37:13Z
