User Type,Username,Date,Text
,tomcruz,2012-09-16T11:27Z,Thnx. If possible pls upload kissmegirl videos.
