Filename,Size,Unit
bldtbez ft DF - Game on lock.mp3,7.84,M
Yethro ft. DF - Perfekt day (Max Larsen Mastering).mp3,6.29,M
DF - You Know How I Do.mp3,5.61,M
DF - Mina brushor (Max Larsen Mastering Edit).mp3,4.59,M
DF ft. CN - We Can C Them Coming.mp3,3.91,M
DF ft. PQ - FÃ¶rlÃ¥t Mig Mamma.mp3,3.52,M
DF - FÃ¶rsÃ¶kt berÃ¤tta.mp3,3.41,M
DF - min blick.mp3,2.31,M
DF -  Mina Brushor.mp3,1.83,M
