Filename,Size,Unit
Nipples4.rar,252.21,M
