Title,Type,Files,Size,IMDB,Spoken Languages,Texted Languages,Tags,Quality (+),Quality (-),Uploaded,By,User Type,Seeders,Leechers,Info Hash,Picture,Capture Date
Pawn.Stars.S06E02.720p.HDTV.x264-EVOLVE,208,19,708.92 MiB (743355387 Bytes),,,,,0,0,2012-11-06T06:15:00Z,sceneline,[V],9,3,AF1CB4A9156D3388C1855C5E81F4A97DACAEC51F,,2012-11-28T14:30:54Z
