Filename,Size,Unit
Dead End Kids & Little Tough Guys 1942 Jr G-Men of the Air8.mkv,62.31,M
