Title,Type,Files,Size,IMDB,Spoken Languages,Texted Languages,Tags,Quality (+),Quality (-),Uploaded,By,User Type,Seeders,Leechers,Info Hash,Picture,Capture Date
That.Cougar.Fucks.Like.An.Animal.5.XXX.DVDRip.XviD-Pr0nStarS,501,2,1.37 GiB (1469908992 Bytes),,English,,,0,0,2012-07-08T19:19:23Z,digital_ripper,[T],0,2,4472B23ED9C5A7D7BEA33BD23E4926C018C2A816,,2012-09-20T12:35:30Z
