User Type,Username,Date,Text
,gstued,2012-02-17T15:52Z,"...thanks for sharing, but none of the links work."
,PowderButt,2012-02-17T19:01Z,Copy n Paste the links and they will work.  they are blocking piratebay as referring site
,gstued,2012-02-17T19:27Z,"...cool, that works. Thanks again!"
,gstued,2012-02-17T19:28Z,"...thanks, that works!"
