Filename,Size,Unit
Peter Schilling - Major Tom (Coming Home).mp3,6.85,M
