Filename,Size,Unit
READ this before playing the Movie.txt,473,B
Sample/sample-youll.know.my.name-taste.avi,7.84,M
www.Torrenting.com.txt,473,B
youll.know.my.name-taste.avi,700.05,M
youll.know.my.name-taste.jpg,4.71,K
youll.know.my.name-taste.nfo,11.67,K
