Title,Type,Files,Size,IMDB,Spoken Languages,Texted Languages,Tags,Quality (+),Quality (-),Uploaded,By,User Type,Seeders,Leechers,Info Hash,Picture,Capture Date
Interracial.Anal.Love.10.XXX.DVDRip.XviD-UPPERCUT,501,3,2.05 GiB (2201890816 Bytes),,,,,0,0,2012-04-29T20:24:15Z,exmnova,[T],14,2,FE9271C74C78C4BC439F7537B1D1E53910FCD193,,2012-09-25T00:17:53Z
