Filename,Size,Unit
RARBG.com.txt,34,B
phdv.alexis.love.hush.we.have.to.be.quiet.mp4,2.18,G
