Title,Type,Files,Size,IMDB,Spoken Languages,Texted Languages,Tags,Quality (+),Quality (-),Uploaded,By,User Type,Seeders,Leechers,Info Hash,Picture,Capture Date
WiFi Mouse HD v1.4 AnDrOiD,306,1,1.78 MiB (1863146 Bytes),,,,"""android"",""android app"",""android application"",""wifi mouse"",""wifi mouse hd"",""wifimouse.necta.us""",0,0,2012-11-25T12:24:02Z,HobbitWarez,[V],19,2,22242C4A16A6B81ECFEE2220D748F73DA3FA6736,http://image.bayimg.com/f56c99d5082cb15a4cf69794eca6294ab0169fb5.jpg,2012-12-03T08:38:44Z
