Title,Type,Files,Size,IMDB,Spoken Languages,Texted Languages,Tags,Quality (+),Quality (-),Uploaded,By,User Type,Seeders,Leechers,Info Hash,Picture,Capture Date
14 - Polly E - My Body Language +,503,101,67.14 MiB (70400780 Bytes),,,,"""Lorena"",""Merit"",""Natalia"",""Sarah"",""Stella"",""Svana"",""Alannis"",""Anastasiya"",""Anika"",""Anne"",""Beata"",""Beatrix"",""Dori"",""Evania"",""Kira"",""Lizzie"",""Polly""",0,0,2012-09-28T19:32:37Z,bristoliy963,,4,3,CBEAD168907B3E192FDA00EA94B800D13CFEB851,,2012-10-05T02:37:01Z
