Filename,Size,Unit
My Cousin Rachel.Eng.1952.DVDRip.Xvid-CT.avi,1.2,G
My Cousin Rachel.Eng.1952.DVDRip.Xvid-CT.PARENTE.Pt..srt,101.55,K
