Title,Type,Files,Size,IMDB,Spoken Languages,Texted Languages,Tags,Quality (+),Quality (-),Uploaded,By,User Type,Seeders,Leechers,Info Hash,Picture,Capture Date
Hunted S01E08 480p HDTV 200mb MrLss,205,1,201.47 MiB (211256775 Bytes),http://www.imdb.com/title/tt2069449/,English,,"""Hunted"",""Season 1"",""S01"",""480p"",""HDTV"",""200mb"",""MrLss"",""mRS"",""free"",""mkv"",""melissa george"",""2012"",""spy"",""hunted s01e08""",1,0,2012-11-23T07:32:55Z,mf-den,[T],9,2,65A0C6AB26205DA99DE7EE28AB6E06107CA288B6,,2012-12-03T00:30:53Z
