User Type,Username,Date,Text
[V],SplashPt,2012-05-05T14:47Z,"http://pixme.es/share-43B6_4FA50617.html
http://pixme.es/share-99BD_4FA50617.html"
