Filename,Size,Unit
6920969a-5b60-49e3-82e1-d624fc3d533c.flv,230.89,M
