Filename,Size,Unit
Underworld.2.Evolution[2006]DvDrip[Eng]-aXXo.avi,701.55,M
Underworld.2.Evolution[2006]DvDrip[Eng]-aXXo.rar,695.32,M
Underworld.2.Evolution[2006]DvDrip[Eng]-aXXo.srt,37.47,K
