Filename,Size,Unit
mgb_diana_puma_480p_1000.mp4,338.72,M
