Filename,Size,Unit
Chasing.UFOs.S01E07.NatGeo.HDTV.xvid-tNeSrc][ Alien Castaways (Cryptoids in Photos) ][ 11-Aug-2012 ].avi,366.7,M
