Title,Type,Files,Size,IMDB,Spoken Languages,Texted Languages,Tags,Quality (+),Quality (-),Uploaded,By,User Type,Seeders,Leechers,Info Hash,Picture,Capture Date
ffs mods,499,3,43.92 MiB (46053581 Bytes),,,,,0,0,2012-05-09T23:47:03Z,Anonymous,,0,0,444F260802C85372BCEAB802EC0181259923EB2C,,2012-09-24T09:12:35Z
