Title,Type,Files,Size,IMDB,Spoken Languages,Texted Languages,Tags,Quality (+),Quality (-),Uploaded,By,User Type,Seeders,Leechers,Info Hash,Picture,Capture Date
Atk Natural And Hairy 23 - Rucca Page,506,1,124.64 MiB (130693242 Bytes),,,,"""All Sex"",""Hardcore"",""Oral""",1,0,2012-12-23T12:11:56Z,R0thschild,[V],12,2,F950C47C2CAC25BB0D1F62523D7AC036B8491E1F,,2013-01-10T17:29:11Z
