Filename,Size,Unit
Cover/1.jpg,71.47,K
Cover/2.jpg,68.63,K
Cover/3.jpg,185.37,K
Cover/4.jpg,188.68,K
Cover/c.jpg,296.92,K
Cover/IN.jpg,182.25,K
DVDFILES-2/VIDEO_TS/VIDEO_TS.BUP,20,K
DVDFILES-2/VIDEO_TS/VIDEO_TS.IFO,20,K
DVDFILES-2/VIDEO_TS/VIDEO_TS.VOB,1.07,M
DVDFILES-2/VIDEO_TS/VTS_01_0.BUP,106,K
DVDFILES-2/VIDEO_TS/VTS_01_0.IFO,106,K
DVDFILES-2/VIDEO_TS/VTS_01_0.VOB,107.22,M
DVDFILES-2/VIDEO_TS/VTS_01_1.VOB,1024,M
DVDFILES-2/VIDEO_TS/VTS_01_2.VOB,1024,M
DVDFILES-2/VIDEO_TS/VTS_01_3.VOB,1024,M
DVDFILES-2/VIDEO_TS/VTS_01_4.VOB,1024,M
DVDFILES-2/VIDEO_TS/VTS_01_5.VOB,174.12,M
DVDFILES-2/VIDEO_TS/VTS_02_0.BUP,14,K
DVDFILES-2/VIDEO_TS/VTS_02_0.IFO,14,K
DVDFILES-2/VIDEO_TS/VTS_02_1.VOB,21.56,M
DVDFILES-2/VIDEO_TS/VTS_03_0.BUP,14,K
DVDFILES-2/VIDEO_TS/VTS_03_0.IFO,14,K
DVDFILES-2/VIDEO_TS/VTS_03_1.VOB,8.43,M
DVDFILES-2/VIDEO_TS/VTS_04_0.BUP,14,K
DVDFILES-2/VIDEO_TS/VTS_04_0.IFO,14,K
DVDFILES-2/VIDEO_TS/VTS_04_1.VOB,7.73,M
Info TBS/Black-Sam.txt,124,B
Info TBS/Torrent Downloaded From ExtraTorrent.com.txt,353,B
Info TBS/Torrent downloaded from rarbg.com.txt,37,B
Info TBS/Torrent Downloded from http_www_h33t_com.txt,38,B
Info TBS/Torrent_downloaded_from_AhaShare.txt,107,B
Info TBS/Tracked by H33T.txt,19,B
Info TBS/tracked_by_h33t_com.txt,23,B
Info TBS/tracked_by_www_Limetorrents_com .txt,46,B
