Title,Type,Files,Size,IMDB,Spoken Languages,Texted Languages,Tags,Quality (+),Quality (-),Uploaded,By,User Type,Seeders,Leechers,Info Hash,Picture,Capture Date
Carmina o revienta .avi,201,1,1.04 GiB (1115887616 Bytes),,Spanish,,,0,0,2012-07-09T08:30:59Z,tainonaino,,3,0,C31700829B82D905FE5E269313D253B09E2E7939,,2012-09-20T11:46:59Z
