Filename,Size,Unit
ktr.eb.12.07.10.lorelei.lee.and.penny.pax.mp4,2.53,G
