Filename,Size,Unit
emma-butt-377p3hotv1-high.mpeg,166.81,M
