Title,Type,Files,Size,IMDB,Spoken Languages,Texted Languages,Tags,Quality (+),Quality (-),Uploaded,By,User Type,Seeders,Leechers,Info Hash,Picture,Capture Date
Barely Legal 127 - Casi James,506,1,139.64 MiB (146418058 Bytes),,,,"""Sex"",""xxx"",""hard""",0,0,2012-02-29T02:59:35Z,FluxXxu,[V],0,0,6C3BA37617264BD27992B3FFD453FBC462FBC815,,2012-09-29T09:12:12Z
