Filename,Size,Unit
"Becoming Human (2011) DVDR(xvid) NL Subs DMT, deel 1.avi",559.24,M
"Becoming Human (2011) DVDR(xvid) NL Subs DMT, deel 2.avi",559.35,M
"Becoming Human (2011) DVDR(xvid) NL Subs DMT, deel 3.avi",559.31,M
"DMT NFO, Read before Playing.txt",1.73,K
DMT.png,78.32,K
Torrent downloaded from Demonoid.me.txt,46,B
