Filename,Size,Unit
BATMAN DARK KNIGHT RETURNS 2012( Part 1) DVDRip.Xvid.AC3.Legend-Rg.avi,803.67,M
BATMAN DARK KNIGHT RETURNS 2012( Part 1) DVDRip.Xvid.AC3.Legend-Rg_00_04_20_00000.jpg,65.88,K
BATMAN DARK KNIGHT RETURNS 2012( Part 1) DVDRip.Xvid.AC3.Legend-Rg_00_08_41_00001.jpg,61.15,K
BATMAN DARK KNIGHT RETURNS 2012( Part 1) DVDRip.Xvid.AC3.Legend-Rg_00_13_01_00002.jpg,81.89,K
BATMAN DARK KNIGHT RETURNS 2012( Part 1) DVDRip.Xvid.AC3.Legend-Rg_00_17_30_00003.jpg,65.97,K
BATMAN DARK KNIGHT RETURNS 2012( Part 1) DVDRip.Xvid.AC3.Legend-Rg_00_21_42_00004.jpg,28.28,K
BATMAN DARK KNIGHT RETURNS 2012( Part 1) DVDRip.Xvid.AC3.Legend-Rg_00_26_04_00005.jpg,82.24,K
BATMAN DARK KNIGHT RETURNS 2012( Part 1) DVDRip.Xvid.AC3.Legend-Rg_00_31_03_00006.jpg,54.22,K
BATMAN DARK KNIGHT RETURNS 2012( Part 1) DVDRip.Xvid.AC3.Legend-Rg_00_34_41_00007.jpg,153.15,K
BATMAN DARK KNIGHT RETURNS 2012( Part 1) DVDRip.Xvid.AC3.Legend-Rg_00_39_00_00008.jpg,59.49,K
BATMAN DARK KNIGHT RETURNS 2012( Part 1) DVDRip.Xvid.AC3.Legend-Rg_00_43_21_00009.jpg,70.29,K
BATMAN DARK KNIGHT RETURNS 2012( Part 1) DVDRip.Xvid.AC3.Legend-Rg_00_47_41_00010.jpg,71.16,K
BATMAN DARK KNIGHT RETURNS 2012( Part 1) DVDRip.Xvid.AC3.Legend-Rg_00_52_00_00011.jpg,91.36,K
BATMAN DARK KNIGHT RETURNS 2012( Part 1) DVDRip.Xvid.AC3.Legend-Rg_00_56_32_00012.jpg,92.26,K
BATMAN DARK KNIGHT RETURNS 2012( Part 1) DVDRip.Xvid.AC3.Legend-Rg_01_00_41_00013.jpg,41.09,K
BATMAN DARK KNIGHT RETURNS 2012( Part 1) DVDRip.Xvid.AC3.Legend-Rg_01_05_00_00014.jpg,78.76,K
BATMAN DARK KNIGHT RETURNS 2012( Part 1) DVDRip.Xvid.AC3.Legend-Rg_01_09_31_00015.jpg,43.36,K
BATMAN DARK KNIGHT RETURNS 2012( Part 1) DVDRip.Xvid.AC3.Legend-Rg_01_13_42_00016.jpg,37.5,K
BATMAN DARK KNIGHT RETURNS 2012( Part 1) DVDRip.Xvid.AC3.Legend-Rg_01_18_01_00017.jpg,129.56,K
BATMAN DARK KNIGHT RETURNS 2012( Part 1) DVDRip.Xvid.AC3.Legend-Rg_01_22_22_00018.jpg,95.08,K
BATMAN DARK KNIGHT RETURNS 2012( Part 1) DVDRip.Xvid.AC3.Legend-Rg_01_26_40_00019.jpg,183.63,K
BATMAN DARK KNIGHT RETURNS 2012( Part 1) DVDRip.Xvid.AC3.Legend-Rg_s.jpg,1.67,M
READ this before playing the Movie.txt,605,B
www.Torrenting.com.txt,605,B
