Filename,Size,Unit
r2r-0267.rar,8.89,M
iNFO.txt,1.88,K
