Title,Type,Files,Size,IMDB,Spoken Languages,Texted Languages,Tags,Quality (+),Quality (-),Uploaded,By,User Type,Seeders,Leechers,Info Hash,Picture,Capture Date
Battery V2.8,305,1,5.08 MiB (5321654 Bytes),,,,"""battery"",""iOS app"",""Paid App"",""free Ipa"",""increase iphone battery""",0,0,2012-06-28T20:51:10Z,mysayooni,,6,0,8665A64A183D1F543FD30DD11D319216F77611EF,,2012-09-21T02:50:16Z
