Filename,Size,Unit
Germany.vs.Italy 2.mkv,1.25,G
Germany.vs.Italy 1.mkv,1.17,G
