Filename,Size,Unit
0b18126ac470958012ef09b1eba56a75.jpg,214.9,K
115886.jpg,1.52,M
90831582ea8e018759044f2820b518d1.jpg,4.99,M
a_glossy_apple.png,1.45,M
Abstract-Apple-Desktop-Wallpaper.jpg,546.82,K
Apple-171-DBKGZ3GDWW-1024x768.jpg,254.65,K
Apple-Focus-Colors-1440x900.jpg,475.92,K
apple-galaxy-wallpaper.png,1.44,M
apple-vintage-colorful-wallpaper.jpg,1.16,M
Apple.jpg,124.05,K
APPLE_08.jpg,233.21,K
apple_26.jpg,71.61,K
Apple_Citric_Wallpaper_by_fvmp.jpg,155.86,K
Apple_colour_wall_2_by_JarekZ.jpg,2.92,M
apple_dark_os_x-wide.jpg,93.58,K
Apple_Wall_by_iMacmotion.jpg,254.98,K
apple_wallpaper010.jpg,2.47,M
Apple_wallpaper_2_green_by_Kageyoshi07.jpg,2.2,M
Apple_Wallpaper__Mikhail_by_thefreaks.jpg,718.35,K
applered.png,392.4,K
appleWallpaper02.jpg,420.82,K
Aqua-Apple-Blue-1-BC3RSI8QVH-1280x1024.jpg,70.02,K
Different-Apple-Wallpaper.jpg,566.66,K
free-apple-wallpapers.jpg,926.67,K
free-wallpaper-apple.png,2.05,M
Happy_New_iYear_1024x768.jpg,259.69,K
Mac OS X Tiger Widescreen Background.jpg,302.89,K
mac-electric-apple-wallpaper.jpg,503.79,K
Red Apple Leoaprd Desktop Background.png,337.04,K
snow_leopard___apple_tv_by_johnnya23.jpg,130.02,K
The-Apple-Pirate-apple-602516_1024_768.jpg,24.46,K
wallpaper_prince_of_persia_warrior_within_10_1600.jpg,403.13,K
