Filename,Size,Unit
gallery-4749.zip,95.18,M
gallery-4751.zip,62.84,M
gallery-4753.zip,54.22,M
gallery-4755.zip,84.71,M
gallery-4757.zip,108.27,M
