Filename,Size,Unit
Eufrat and Malena Morgan The Hot Masseuse 1080P by studio76.mkv,569.88,M
wallpaper-2500534.png,3.41,M
License.jpg,502.36,K
1.jpg,488.64,K
Studio76.jpg,69.76,K
