Filename,Size,Unit
Over the Limit HD Part 12 - Dailymotion Promo Videos - Wrestling News rumors and Spoilers.mp4,83.79,M
Over the Limit HD Part 9 - Dailymotion Promo Videos - Wrestling News rumors and Spoilers.mp4,83.65,M
Over the Limit HD Part 7 - Dailymotion Promo Videos - Wrestling News rumors and Spoilers.mp4,83.6,M
Over the Limit HD Part 11 - Dailymotion Promo Videos - Wrestling News rumors and Spoilers.mp4,83.59,M
Over the Limit HD Part 8 - Dailymotion Promo Videos - Wrestling News rumors and Spoilers.mp4,83.54,M
Over the Limit HD Part 10 - Dailymotion Promo Videos - Wrestling News rumors and Spoilers.mp4,83.51,M
