Title,Type,Files,Size,IMDB,Spoken Languages,Texted Languages,Tags,Quality (+),Quality (-),Uploaded,By,User Type,Seeders,Leechers,Info Hash,Picture,Capture Date
Silvio y Sacramento - Fantasia Occidental (1988),101,10,57.33 MiB (60110834 Bytes),,,,"""Silvio"",""Sacramento"",""Fantasia"",""Occidental"",""1988""",0,0,2012-08-11T11:17:59Z,Al-Andalus,,3,1,C40F5677549A7665BD390B7A67D2EC0C2A3E8D86,http://image.bayimg.com/cabjgaaea.jpg,2012-09-18T01:45:39Z
