User Type,Username,Date,Text
,LaFouine2011,2012-11-15T11:43Z,"Hi,
this is a repost of :
thepiratebay.se/torrent/7778216/Dinosaur_Jr._-_You_re_Living_All_Over_Me_(1987)_[FLAC]

but in this one Track 10 been delete after seed so it will not be ever complete
@+"
