Filename,Size,Unit
Ferry Corsten - Corsten's Countdown 262 (04-07-2012).mp3,100.99,M
Bonus tracks from relizer/David Guetta feat. Sia - Titanium (DJ Shishkin Remix).mp3,17.79,M
Bonus tracks from relizer/Diddy vs. Alexey Romeo - Coming Home Not Me (Alexey Romeo Mashup) .mp3,16.12,M
Bonus tracks from relizer/DJ Feel & DJ Rich-Art - This Feeling (Club Extended).mp3,15.29,M
Bonus tracks from relizer/Phillipo Blake & Custom Phase feat. Olesya Astapova - Aspiring (Original Mix).mp3,14.92,M
Bonus tracks from relizer/Nikolay_Kempinskiy_feat_Andru_Gold_Desert_Sand_Original_Mix.mp3,14.72,M
Bonus tracks from relizer/DJ_Skafelnikof_Tunguska_2012.mp3,12.53,M
Bonus tracks from relizer/DJ Tarantino & Katrin Moro - Ð¯ ÐÑÐ´Ñ ÐÐ¾Ð¼Ð½Ð¸ÑÑ (Original Mix) [katrinmoro.net].mp3,10.76,M
Bonus tracks from relizer/DJ_Favorite_feat_Theory_Beautiful_Night_Club_Radio_Edit.mp3,10.11,M
Bonus tracks from relizer/Alex_Hide_feat_Shena_High_Radio_Mix.mp3,7.48,M
