Title,Type,Files,Size,IMDB,Spoken Languages,Texted Languages,Tags,Quality (+),Quality (-),Uploaded,By,User Type,Seeders,Leechers,Info Hash,Picture,Capture Date
Wondershare.Video.Converter.Ultimate.v5.7.4.Incl.Keygen-Lz0,301,5,23.7 MiB (24853428 Bytes),,,,"""Wondershare"",""Video"",""Converter"",""Ultimate"",""v5.7.4"",""Incl"",""Keygen"",""Lz0""",1,0,2012-03-05T17:28:39Z,scene4all,[V],7,0,6632256E151CC77FDBB18EA11B02C721C5594B0E,http://image.bayimg.com/falapaadj.jpg,2012-09-28T21:27:39Z
