Title,Type,Files,Size,IMDB,Spoken Languages,Texted Languages,Tags,Quality (+),Quality (-),Uploaded,By,User Type,Seeders,Leechers,Info Hash,Picture,Capture Date
Makhdoom Teamviewer,301,1,4.37 MiB (4586328 Bytes),,,,"""Makhdoom Teamviewer""",0,0,2012-05-11T22:59:40Z,makhdoomliaqat,,1,0,26B4351A1CC70AA79C2039733311633B093A7BB9,,2012-09-24T06:41:46Z
