Filename,Size,Unit
My Friend's Hot Mom 7.mkv,1.84,G
