Filename,Size,Unit
Discovery The Crocodile Hunter Pt 1 of 3 Steves Story.avi,699.95,M
