Title,Type,Files,Size,IMDB,Spoken Languages,Texted Languages,Tags,Quality (+),Quality (-),Uploaded,By,User Type,Seeders,Leechers,Info Hash,Picture,Capture Date
VLC v1.0.3,301,1,17.73 MiB (18594816 Bytes),,,,"""vlc""",0,0,2012-03-18T21:27:34Z,Anonymous,,5,0,E0CF3C94631DCAA7D66A4E67549AEC68E8A464EA,,2012-09-27T23:39:29Z
