Filename,Size,Unit
(2011) The Truth Is/Theory Of A Deadman - The Truth Is [2011] 12 - We Were Men.mp3,10.94,M
(2011) The Truth Is/Theory Of A Deadman - The Truth Is [2011] 16 - Better Or Worse (Bonustrack).mp3,9.9,M
(2011) The Truth Is/Theory Of A Deadman - The Truth Is [2011] 11 - Easy To Love You.mp3,9.9,M
(2011) The Truth Is/Theory Of A Deadman - The Truth Is [2011] 03 - Hurricane.mp3,9.84,M
(2011) The Truth Is/Theory Of A Deadman - The Truth Is [2011] 04 - Out Of My Head.mp3,9.11,M
(2011) The Truth Is/Theory Of A Deadman - The Truth Is [2011] 09 - Drag Me To Hell.mp3,9.08,M
(2011) The Truth Is/Theory Of A Deadman - The Truth Is [2011] 10 - What Was I Thinking.mp3,8.77,M
(2011) The Truth Is/Theory Of A Deadman - The Truth Is [2011] 02 - Bitch Came Back.mp3,8.41,M
(2011) The Truth Is/Theory Of A Deadman - The Truth Is [2011] 14 - Does It Really Matter (Bonustrack).mp3,8.38,M
(2011) The Truth Is/Theory Of A Deadman - The Truth Is [2011] 13 - Careless (Bonustrack).mp3,8.24,M
(2011) The Truth Is/Theory Of A Deadman - The Truth Is [2011] 08 - Head Above Water.mp3,8.16,M
(2011) The Truth Is/Theory Of A Deadman - The Truth Is [2011] 06 - Love Is Hell.mp3,8.04,M
(2005) Gasoline/08 - Hello Lonely (Walk Away From This).mp3,8.02,M
(2011) The Truth Is/Theory Of A Deadman - The Truth Is [2011] 05 - Gentleman.mp3,7.94,M
(2011) The Truth Is/Theory Of A Deadman - The Truth Is [2011] 07 - The Truth Is... (I Lied About Everything).mp3,7.91,M
(2011) The Truth Is/Theory Of A Deadman - The Truth Is [2011] 01 - Lowlife.mp3,7.89,M
(2005) Gasoline/12 - Save The Best For Last.mp3,7.37,M
(2011) The Truth Is/Theory Of A Deadman - The Truth Is [2011] 15 - Villain (Bonustrack).mp3,7.03,M
(2008) Scars And Souvenirs/12 - Wait For Me.mp3,6.96,M
(2005) Gasoline/05 - Santa Monica.mp3,6.94,M
(2008) Scars And Souvenirs/07 - Heaven (Little by Little).mp3,6.93,M
(2008) Scars And Souvenirs/01 - So Happy.mp3,6.5,M
(2005) Gasoline/09 - Me And My Girl.mp3,6.49,M
(2005) Gasoline/03 - No Surprise.mp3,6.42,M
(2002)Theory Of A Deadman/07 - The Last Song.mp3,6.15,M
(2005) Gasoline/10 - Since You've Been Gone.mp3,5.94,M
(2008) Scars And Souvenirs/10 - Little Smirk.mp3,5.91,M
(2008) Scars And Souvenirs/11 - End of the Summer.mp3,5.9,M
(2005) Gasoline/02 - No Way Out.mp3,5.83,M
(2005) Gasoline/13 - In The Middle.mp3,5.79,M
(2008) Scars And Souvenirs/02 - By the Way.mp3,5.76,M
(2008) Scars And Souvenirs/04 - Not Meant to Be.mp3,5.7,M
(2008) Scars And Souvenirs/06 - All or Nothing.mp3,5.6,M
(2008) Scars And Souvenirs/08 - Bad Girlfriend.mp3,5.57,M
(2002)Theory Of A Deadman/03 - Make Up Your Mind.mp3,5.56,M
(2002)Theory Of A Deadman/06 - What You Deserve.mp3,5.52,M
(2002)Theory Of A Deadman/10 - Confession.mp3,5.5,M
(2008) Scars And Souvenirs/05 - Crutch.mp3,5.48,M
(2002)Theory Of A Deadman/09 - Any Other Way.mp3,5.21,M
(2008) Scars And Souvenirs/03 - Got it Made.mp3,5.19,M
(2008) Scars And Souvenirs/09 - Hate My Life.mp3,5.09,M
(2002)Theory Of A Deadman/04 - Point To Prove.mp3,5.02,M
(2005) Gasoline/04 - Quiver.mp3,4.97,M
(2005) Gasoline/06 - Better Off.mp3,4.84,M
(2002)Theory Of A Deadman/05 - Leg To Stand On.mp3,4.75,M
(2005) Gasoline/01 - Hating Hollywood.mp3,4.72,M
(2002)Theory Of A Deadman/02 - Nothing Could Come Between Us.mp3,4.72,M
(2002)Theory Of A Deadman/08 - Say I'm Sorry.mp3,4.49,M
(2008) Scars And Souvenirs/13 - Sacrifice.mp3,4.36,M
(2005) Gasoline/07 - Say Goodbye.mp3,4.25,M
(2002)Theory Of A Deadman/01- Invisible Man.mp3,3.71,M
(2005) Gasoline/11 - Hell Just Aint The Same.mp3,1.02,M
(2011) The Truth Is/Theory Of A Deadman - The Truth Is 2011 front.jpg,38.25,K
