Filename,Size,Unit
Misfits [4x06] Episode6 (XviD asd).avi,133.92,M
Misfits [4x07] Episode7 (XviD asd).avi,131.49,M
Misfits [4x05] Episode5 (XviD asd).avi,127.34,M
Misfits [4x04] Episode4 (XviD asd).avi,126.58,M
Misfits [4x03] Episode3 (XviD asd).avi,126.19,M
Misfits [4x02] Episode2 (XviD asd).avi,125.65,M
Misfits [4x01] Episode1 (XviD asd).avi,121.3,M
Misfits [4x08] Episode8 (XviD asd).avi,120.01,M
Misfits [4x08] Episode8 (XviD asd).txt,33.68,K
Misfits [4x06] Episode6 (XviD asd).txt,32.79,K
Misfits [4x02] Episode2 (XviD asd).txt,31.94,K
Misfits [4x07] Episode7 (XviD asd).txt,31.45,K
Misfits [4x05] Episode5 (XviD asd).txt,30.81,K
Misfits [4x04] Episode4 (XviD asd).txt,30.13,K
Misfits [4x03] Episode3 (XviD asd).txt,29.32,K
Misfits [4x01] Episode1 (XviD asd).txt,25.54,K
