Filename,Size,Unit
4.  Charley Chase  (1080p).mp4,1.43,G
3.  Chanel Preston  (1080p).mp4,1.43,G
5.  Julia Ann  (1080p).mp4,1.22,G
1.  Andy San Dimas  (1080p).mp4,1.21,G
2.  Carina Roman  (1080p).mp4,1.06,G
Bonus  (1080p).mp4,424.17,M
