Filename,Size,Unit
Horny.Hairy.Girls.45.XXX.DVDRip.XviD-SLiEZE.b.avi,699.21,M
Horny.Hairy.Girls.45.XXX.DVDRip.XviD-SLiEZE.a.avi,699.35,M
