Filename,Size,Unit
cbrk-bra-multi-11.2012.rar,202.79,M
