Title,Type,Files,Size,IMDB,Spoken Languages,Texted Languages,Tags,Quality (+),Quality (-),Uploaded,By,User Type,Seeders,Leechers,Info Hash,Picture,Capture Date
Hitomi Honjo - Raped The Brother's Wife (Madonna/Madonna) DvDRi,506,1,986.35 MiB (1034268127 Bytes),,,,,0,0,2012-02-04T05:11:52Z,scree30,[T],16,13,01D988EC87D32F9B2E319C0D89EC161B36232F7D,,2012-09-30T23:02:23Z
