Title,Type,Files,Size,IMDB,Spoken Languages,Texted Languages,Tags,Quality (+),Quality (-),Uploaded,By,User Type,Seeders,Leechers,Info Hash,Picture,Capture Date
The Monster Tits Collection,502,6,20.03 GiB (21502865408 Bytes),,English,English,"""iso dvd custum""",2,0,2012-04-17T21:06:14Z,tom2211,,0,8,D728B627C20612B93001C0AA593AC4324678474B,http://image.bayimg.com/paojpaadb.jpg,2012-09-25T20:05:09Z
