Filename,Size,Unit
Borgen.BBC.S01E09.mp4,335.3,M
