Filename,Size,Unit
[Oanf] Blood-C - 05 HD v2.mp4,249.63,M
[Oanf] Blood-C - 06 HD v2.mp4,249.85,M
