Title,Type,Files,Size,IMDB,Spoken Languages,Texted Languages,Tags,Quality (+),Quality (-),Uploaded,By,User Type,Seeders,Leechers,Info Hash,Picture,Capture Date
The.Daily.Show.2012.10.23.Gerard.Butler.HDTV.x264-EVOLVE,205,4,151.96 MiB (159342756 Bytes),,,,,0,0,2012-10-28T14:12:58Z,TvTeam,[V],2,2,FCB90D7A0BE4FF48517272FA3AEAB336C3B8AE12,,2012-11-26T20:13:46Z
