Filename,Size,Unit
Cover.jpg,180.49,K
Financial Times Europe.pdf,12.35,M
Torrent downloaded from 1337x.org.txt,37,B
Torrent downloaded from AhaShare.com.txt,55,B
Torrent downloaded from Demonoid.me.txt,46,B
Torrent downloaded from ThePirateBay.se.txt,46,B
