Title,Type,Files,Size,IMDB,Spoken Languages,Texted Languages,Tags,Quality (+),Quality (-),Uploaded,By,User Type,Seeders,Leechers,Info Hash,Picture,Capture Date
Underworld Awakening 2012 BRRiP XViD-PSiG,201,5,698.55 MiB (732484229 Bytes),,,,,0,1,2012-04-18T01:10:14Z,.BONE.,[V],55,2,0FA86A9074D88014EED85067EB44CE92FE4C83C3,,2012-09-25T19:49:50Z
