Filename,Size,Unit
Cryostasis.by.K024ER7.iso,3.11,G
