Filename,Size,Unit
dm_lana_violet_480p_2000.mp4,574.12,M
