Title,Type,Files,Size,IMDB,Spoken Languages,Texted Languages,Tags,Quality (+),Quality (-),Uploaded,By,User Type,Seeders,Leechers,Info Hash,Picture,Capture Date
National.Geographic.Megafactories.Williams.F1.CONVERT.HDTV.x264-,205,5,374.47 MiB (392657740 Bytes),,,,,0,0,2012-07-14T12:23:57Z,TvTeam,[V],0,6,8A19471A5D42EBB6088DDE4F0A7364B713489E4F,,2012-09-20T03:45:34Z
