Title,Type,Files,Size,IMDB,Spoken Languages,Texted Languages,Tags,Quality (+),Quality (-),Uploaded,By,User Type,Seeders,Leechers,Info Hash,Picture,Capture Date
Mandy Capristo - Grace (2012)[320Kbs),101,12,112.6 MiB (118067183 Bytes),,,,"""mandy capristo"",""grace""",0,0,2012-04-28T00:03:34Z,masternik,,3,0,4F58DA71122D361C97D3274460D06215F171D456,,2012-09-25T02:53:51Z
