Filename,Size,Unit
Sweet & Petite 3 - Scene 1 (Alexis Love).mp4,259.23,M
Sweet & Petite 3 - Scene 2 (Melrose Foxxx).mp4,261.26,M
Sweet & Petite 3 - Scene 3 (Lexi Leigh).mp4,229.31,M
Sweet & Petite 3 - Scene 4 (Jacky Joy).mp4,207.07,M
Sweet & Petite 3 - Scene 5 (Veronica Jett).mp4,243.25,M
Sweet & Petite 3 - Scene 6 (Jaclyn Case).mp4,252.23,M
