Title,Type,Files,Size,IMDB,Spoken Languages,Texted Languages,Tags,Quality (+),Quality (-),Uploaded,By,User Type,Seeders,Leechers,Info Hash,Picture,Capture Date
Honey West #1-7,602,7,112.41 MiB (117874625 Bytes),,,,"""Honey West""",0,0,2012-10-21T17:14:00Z,mdusanjay,[V],7,1,19A1BD30CDF016058A3BAEFD30E39ECF67530DDB,http://image.bayimg.com/naedmaaeg.jpg,2012-11-26T07:17:59Z
