Title,Type,Files,Size,IMDB,Spoken Languages,Texted Languages,Tags,Quality (+),Quality (-),Uploaded,By,User Type,Seeders,Leechers,Info Hash,Picture,Capture Date
PornFidelity - Beverly Paige (WelCUM Home - BTS Video),501,1,352.22 MiB (369328642 Bytes),,English,English,,0,0,2012-08-17T07:40:15Z,kelvin09,[V],7,2,A2CE3C0A66715618A47B0B719B69AF57BFB974F1,,2012-09-17T16:54:35Z
