Title,Type,Files,Size,IMDB,Spoken Languages,Texted Languages,Tags,Quality (+),Quality (-),Uploaded,By,User Type,Seeders,Leechers,Info Hash,Picture,Capture Date
Have I Been Here Before S01 (2005)- UK CelebReincarnation Realit,205,23,3.55 GiB (3807706836 Bytes),,English,English,,0,0,2012-05-15T13:43:28Z,psspss,[V],0,2,A3601E6784E2BDD80C65118B48F8875CAACC479D,,2012-09-24T01:51:30Z
