Filename,Size,Unit
pos10860_3000.mp4,784.75,M
