Filename,Size,Unit
RuPauls.Drag.Race.All.Stars.S01E03.HDRip.XviD.avi,349.53,M
