Title,Type,Files,Size,IMDB,Spoken Languages,Texted Languages,Tags,Quality (+),Quality (-),Uploaded,By,User Type,Seeders,Leechers,Info Hash,Picture,Capture Date
Key.and.Peele.S01E05.720p.HDTV.x264-IMMERSE,208,17,557.87 MiB (584972486 Bytes),,,,,0,0,2012-02-29T05:39:47Z,sceneline,[V],3,2,6459D7BEC13A5D7FBD8028B67DADE1C28950E4D9,,2012-09-29T09:04:39Z
