User Type,Username,Date,Text
,shaharoza,2013-01-04T20:09Z, CITY BUS SIMULATOR MUNICH plzzz upld dis 1.
