Title,Type,Files,Size,IMDB,Spoken Languages,Texted Languages,Tags,Quality (+),Quality (-),Uploaded,By,User Type,Seeders,Leechers,Info Hash,Picture,Capture Date
"Cook Once a Week, Eat Well Every Day",601,1,2.31 MiB (2427385 Bytes),,,,"""Cook Once a Week"",""Eat Well Every Day""",0,0,2012-11-21T18:52:58Z,mdusanjay,[V],52,0,4304E61D7827A4E21C06155002D1F04C76568AD3,http://image.bayimg.com/02341f59604ccf3dc3320156b49f4172dac5634a.jpg,2012-12-02T21:42:14Z
