Filename,Size,Unit
Filthy.Asian.Whores.3.XXX.wmv,1.85,G
