User Type,Username,Date,Text
,gaurav900,2012-02-07T17:27Z,"PLZ SEED THODASA ROOMANI HO JAAYEN 1990 HASH 325920C5.............
PLZ LISTEN TO US 

I HOPE YOU WILL LISTEN OUR VOICE "
