Title,Type,Files,Size,IMDB,Spoken Languages,Texted Languages,Tags,Quality (+),Quality (-),Uploaded,By,User Type,Seeders,Leechers,Info Hash,Picture,Capture Date
Peter Heppner & Paul Van Dyk - Wir sind wir - Video.avi,203,1,57.89 MiB (60700620 Bytes),,,,"""TV music video clips""",0,0,2012-04-21T01:37:23Z,Anonymous,,0,2,4C07BFF79BF40F9C3A3929B957CFF73D0E821FB0,,2012-09-25T14:39:17Z
