Title,Type,Files,Size,IMDB,Spoken Languages,Texted Languages,Tags,Quality (+),Quality (-),Uploaded,By,User Type,Seeders,Leechers,Info Hash,Picture,Capture Date
Errotica-Archives.com_12.11.30.Victoria.Corsia.XXX.IMAGESET,503,69,119.27 MiB (125061576 Bytes),,,,"""Erotic"",""Pics""",0,0,2012-11-30T23:24:56Z,R0thschild,[V],26,12,68B4D214D3D6FE6CFB35A09861B3FA77E92571D0,,2012-12-03T21:16:23Z
