Filename,Size,Unit
engr's (something more about engineers).mkv,2.23,G
Yaari have a lot in it...mp3,4.11,M
poster 1.jpg,1.6,M
engr's group.jpg,1.23,M
poster 2.jpg,1.18,M
info.txt,583,B
