Filename,Size,Unit
www.overloadextreme (302).JPG,2.1,M
www.overloadextreme (290).JPG,1.85,M
www.overloadextreme (181).JPG,1.73,M
www.overloadextreme (335).JPG,1.71,M
www.overloadextreme (4).JPG,1.66,M
www.overloadextreme (316).JPG,1.61,M
www.overloadextreme (76).JPG,1.59,M
www.overloadextreme (313).JPG,1.58,M
www.overloadextreme (324).JPG,1.55,M
www.overloadextreme (248).JPG,1.51,M
www.overloadextreme (10).JPG,1.5,M
www.overloadextreme (299).JPG,1.49,M
www.overloadextreme (170).JPG,1.46,M
www.overloadextreme (328).JPG,1.45,M
www.overloadextreme (88).JPG,1.44,M
www.overloadextreme (21).JPG,1.43,M
www.overloadextreme (109).JPG,1.41,M
www.overloadextreme (329).JPG,1.35,M
www.overloadextreme (2).JPG,1.33,M
www.overloadextreme (89).jpg,1.31,M
www.overloadextreme (294).JPG,1.3,M
www.overloadextreme (67).jpg,1.3,M
www.overloadextreme (6).JPG,1.3,M
www.overloadextreme (320).JPG,1.29,M
www.overloadextreme (291).JPG,1.28,M
www.overloadextreme (3).JPG,1.25,M
www.overloadextreme (326).JPG,1.24,M
www.overloadextreme (312).JPG,1.21,M
www.overloadextreme (90).jpg,1.18,M
www.overloadextreme (215).JPG,1.18,M
www.overloadextreme (297).JPG,1.18,M
www.overloadextreme (120).JPG,1.16,M
www.overloadextreme (44).jpg,1.16,M
www.overloadextreme (327).JPG,1.15,M
www.overloadextreme (237).JPG,1.12,M
www.overloadextreme (296).JPG,1.12,M
www.overloadextreme (8).JPG,1.11,M
www.overloadextreme (137).jpg,1.11,M
www.overloadextreme (40).jpg,1.06,M
www.overloadextreme (304).JPG,1.06,M
www.overloadextreme (98).JPG,1.03,M
www.overloadextreme (315).JPG,1006.32,K
www.overloadextreme (139).jpg,1003.96,K
www.overloadextreme (280).JPG,1003.16,K
www.overloadextreme (138).jpg,1001.92,K
www.overloadextreme (95).jpg,972.46,K
www.overloadextreme (73).jpg,944.71,K
www.overloadextreme (41).jpg,930.04,K
www.overloadextreme (5).JPG,927.79,K
www.overloadextreme (153).jpg,922.21,K
www.overloadextreme (298).JPG,907.45,K
www.overloadextreme (305).JPG,903.34,K
www.overloadextreme (70).jpg,899.13,K
www.overloadextreme (270).JPG,878.16,K
www.overloadextreme (66).jpg,875.22,K
www.overloadextreme (319).JPG,851.92,K
www.overloadextreme (310).JPG,845.48,K
www.overloadextreme (43).JPG,825.78,K
www.overloadextreme (286).jpg,821.78,K
www.overloadextreme (311).JPG,809.52,K
www.overloadextreme (39).jpg,802.01,K
www.overloadextreme (94).jpg,800.8,K
www.overloadextreme (321).JPG,789.47,K
www.overloadextreme (255).jpg,766.11,K
www.overloadextreme (1).JPG,765.79,K
www.overloadextreme (131).JPG,765.72,K
www.overloadextreme (268).jpg,764.92,K
www.overloadextreme (256).jpg,764.79,K
www.overloadextreme (258).jpg,762.22,K
www.overloadextreme (322).JPG,758.43,K
www.overloadextreme (260).jpg,756.27,K
www.overloadextreme (261).jpg,755.69,K
www.overloadextreme (262).jpg,752.6,K
www.overloadextreme (287).jpg,751.49,K
www.overloadextreme (263).jpg,749.83,K
www.overloadextreme (141).jpg,748.86,K
www.overloadextreme (264).jpg,747.58,K
www.overloadextreme (61).jpg,746.39,K
www.overloadextreme (265).jpg,744.11,K
www.overloadextreme (266).jpg,743.23,K
www.overloadextreme (317).JPG,741.41,K
www.overloadextreme (267).jpg,739.34,K
www.overloadextreme (140).JPG,739.22,K
www.overloadextreme (257).jpg,738.54,K
www.overloadextreme (161).jpg,732.68,K
www.overloadextreme (162).jpg,728.79,K
www.overloadextreme (163).jpg,718.43,K
www.overloadextreme (45).jpg,713.18,K
www.overloadextreme (164).jpg,709.5,K
www.overloadextreme (165).jpg,708.16,K
www.overloadextreme (166).jpg,705.92,K
www.overloadextreme (167).jpg,704.18,K
www.overloadextreme (168).jpg,702.22,K
www.overloadextreme (245).jpg,697.87,K
www.overloadextreme (169).jpg,691.15,K
www.overloadextreme (159).JPG,691.01,K
www.overloadextreme (7).JPG,685.54,K
www.overloadextreme (314).JPG,685.21,K
www.overloadextreme (171).jpg,682.56,K
www.overloadextreme (150).jpg,682.51,K
www.overloadextreme (204).JPG,681.87,K
www.overloadextreme (274).jpg,678.46,K
www.overloadextreme (173).jpg,678.46,K
www.overloadextreme (65).JPG,678.24,K
www.overloadextreme (306).JPG,678.06,K
www.overloadextreme (174).jpg,668.37,K
www.overloadextreme (93).jpg,662.92,K
www.overloadextreme (300).JPG,659.3,K
www.overloadextreme (175).jpg,653.61,K
www.overloadextreme (176).jpg,653.09,K
www.overloadextreme (177).jpg,652.49,K
www.overloadextreme (103).jpg,647.49,K
www.overloadextreme (119).jpg,646.89,K
www.overloadextreme (178).jpg,644.51,K
www.overloadextreme (323).JPG,643,K
www.overloadextreme (77).JPG,637.88,K
www.overloadextreme (46).jpg,636.76,K
www.overloadextreme (179).jpg,635.85,K
www.overloadextreme (151).JPG,634.45,K
www.overloadextreme (180).jpg,630.82,K
www.overloadextreme (233).jpg,628.77,K
www.overloadextreme (183).jpg,621.75,K
www.overloadextreme (295).JPG,613.92,K
www.overloadextreme (184).jpg,613.33,K
www.overloadextreme (186).jpg,613.14,K
www.overloadextreme (187).jpg,612.26,K
www.overloadextreme (283).jpg,607.23,K
www.overloadextreme (69).jpg,598.54,K
www.overloadextreme (63).jpg,589.81,K
www.overloadextreme (188).jpg,587,K
www.overloadextreme (42).jpg,585.93,K
www.overloadextreme (189).jpg,585.15,K
www.overloadextreme (190).jpg,579.6,K
www.overloadextreme (191).jpg,577.63,K
www.overloadextreme (192).jpg,575.92,K
www.overloadextreme (143).jpg,575.76,K
www.overloadextreme (194).jpg,575.63,K
www.overloadextreme (195).jpg,575.06,K
www.overloadextreme (196).jpg,572.91,K
www.overloadextreme (36).jpg,569.06,K
www.overloadextreme (198).jpg,567.7,K
www.overloadextreme (106).jpg,567.43,K
www.overloadextreme (182).JPG,567.08,K
www.overloadextreme (199).jpg,563.9,K
www.overloadextreme (47).jpg,562.78,K
www.overloadextreme (97).jpg,557.12,K
www.overloadextreme (200).jpg,555.03,K
www.overloadextreme (126).jpg,554.41,K
www.overloadextreme (201).jpg,553.79,K
www.overloadextreme (202).jpg,551.39,K
www.overloadextreme (203).jpg,550.63,K
www.overloadextreme (205).jpg,544.6,K
www.overloadextreme (17).jpg,544.14,K
www.overloadextreme (20).jpg,543.11,K
www.overloadextreme (206).jpg,541.56,K
www.overloadextreme (288).jpg,541.1,K
www.overloadextreme (207).jpg,535.89,K
www.overloadextreme (14).jpg,535.36,K
www.overloadextreme (208).jpg,533.07,K
www.overloadextreme (210).jpg,532.18,K
www.overloadextreme (211).jpg,529.45,K
www.overloadextreme (16).jpg,528.35,K
www.overloadextreme (32).JPG,528.19,K
www.overloadextreme (212).jpg,528.07,K
www.overloadextreme (13).jpg,527.89,K
www.overloadextreme (301).JPG,525.23,K
www.overloadextreme (221).jpg,525.07,K
www.overloadextreme (213).jpg,522.9,K
www.overloadextreme (50).jpg,521.41,K
www.overloadextreme (31).jpg,520.47,K
www.overloadextreme (214).jpg,520.25,K
www.overloadextreme (15).jpg,520.04,K
www.overloadextreme (18).jpg,519.88,K
www.overloadextreme (64).jpg,517.62,K
www.overloadextreme (19).jpg,515.67,K
www.overloadextreme (216).jpg,510.64,K
www.overloadextreme (209).jpg,510.5,K
www.overloadextreme (325).JPG,507.33,K
www.overloadextreme (27).jpg,504.18,K
www.overloadextreme (217).jpg,502.26,K
www.overloadextreme (218).jpg,498.73,K
www.overloadextreme (132).jpg,495.67,K
www.overloadextreme (219).jpg,495.58,K
www.overloadextreme (220).jpg,495,K
www.overloadextreme (222).jpg,494.94,K
www.overloadextreme (125).jpg,494.57,K
www.overloadextreme (223).jpg,493.83,K
www.overloadextreme (224).jpg,492,K
www.overloadextreme (225).jpg,491.33,K
www.overloadextreme (259).JPG,491.06,K
www.overloadextreme (104).jpg,485.45,K
www.overloadextreme (227).jpg,484.4,K
www.overloadextreme (228).jpg,479.25,K
www.overloadextreme (229).jpg,478.62,K
www.overloadextreme (230).jpg,477.73,K
www.overloadextreme (231).jpg,477.56,K
www.overloadextreme (122).jpg,475.44,K
www.overloadextreme (197).jpg,472.13,K
www.overloadextreme (232).jpg,472.05,K
www.overloadextreme (75).jpg,471.38,K
www.overloadextreme (71).jpg,471.17,K
www.overloadextreme (271).jpg,470.76,K
www.overloadextreme (234).jpg,470.1,K
www.overloadextreme (38).jpg,467.86,K
www.overloadextreme (235).jpg,465.71,K
www.overloadextreme (185).jpg,461.46,K
www.overloadextreme (236).jpg,460.81,K
www.overloadextreme (11).jpg,458.05,K
www.overloadextreme (238).jpg,457.82,K
www.overloadextreme (239).jpg,457.8,K
www.overloadextreme (96).jpg,457.79,K
www.overloadextreme (240).jpg,455.89,K
www.overloadextreme (144).jpg,455.37,K
www.overloadextreme (155).jpg,455.32,K
www.overloadextreme (54).JPG,453.55,K
www.overloadextreme (241).jpg,452.43,K
www.overloadextreme (332).jpg,452.32,K
www.overloadextreme (48).jpg,450.96,K
www.overloadextreme (242).jpg,450.1,K
www.overloadextreme (303).JPG,449.46,K
www.overloadextreme (24).jpg,445.06,K
www.overloadextreme (172).jpg,442.94,K
www.overloadextreme (243).jpg,439.97,K
www.overloadextreme (226).JPG,438.92,K
www.overloadextreme (244).jpg,433.29,K
www.overloadextreme (28).jpg,432.61,K
www.overloadextreme (246).jpg,432.61,K
www.overloadextreme (112).jpg,431.08,K
www.overloadextreme (247).jpg,430.29,K
www.overloadextreme (12).jpg,429.47,K
www.overloadextreme (56).jpg,429.3,K
www.overloadextreme (249).jpg,424.07,K
www.overloadextreme (57).jpg,423.44,K
www.overloadextreme (284).jpg,420.5,K
www.overloadextreme (160).jpg,419.95,K
www.overloadextreme (250).jpg,416.99,K
www.overloadextreme (269).jpg,416.67,K
www.overloadextreme (251).jpg,416.04,K
www.overloadextreme (252).jpg,415.29,K
www.overloadextreme (37).jpg,413.83,K
www.overloadextreme (253).jpg,411.48,K
www.overloadextreme (254).jpg,409.99,K
www.overloadextreme (330).JPG,390.55,K
www.overloadextreme (318).jpg,389.71,K
www.overloadextreme (148).jpg,388.89,K
www.overloadextreme (86).jpg,387.94,K
www.overloadextreme (23).jpg,384.91,K
www.overloadextreme (193).JPG,377.21,K
www.overloadextreme (79).jpg,376.96,K
www.overloadextreme (92).jpg,374.94,K
www.overloadextreme (275).jpg,373.28,K
www.overloadextreme (136).jpg,361.82,K
www.overloadextreme (35).jpg,358.1,K
www.overloadextreme (78).jpg,356.92,K
www.overloadextreme (156).jpg,351.62,K
www.overloadextreme (334).jpg,350.57,K
www.overloadextreme (276).jpg,349.22,K
www.overloadextreme (116).jpg,348.82,K
www.overloadextreme (123).jpg,348.79,K
www.overloadextreme (272).jpg,347.37,K
www.overloadextreme (277).jpg,342.64,K
www.overloadextreme (289).jpg,342.07,K
www.overloadextreme (331).jpg,339.7,K
www.overloadextreme (99).jpg,338.97,K
www.overloadextreme (107).jpg,335.2,K
www.overloadextreme (118).jpg,328.31,K
www.overloadextreme (134).jpg,322.98,K
www.overloadextreme (68).jpg,322.66,K
www.overloadextreme (152).jpg,317.55,K
www.overloadextreme (135).jpg,314.69,K
www.overloadextreme (278).jpg,313.53,K
www.overloadextreme (154).jpg,311.39,K
www.overloadextreme (142).jpg,309.42,K
www.overloadextreme (292).jpg,306.11,K
www.overloadextreme (100).jpg,297.3,K
www.overloadextreme (26).jpg,295.32,K
www.overloadextreme (22).jpg,290.49,K
www.overloadextreme (113).jpg,290.17,K
www.overloadextreme (34).jpg,285.6,K
www.overloadextreme (145).jpg,275.89,K
www.overloadextreme (85).jpg,270.92,K
www.overloadextreme (72).jpg,268.54,K
www.overloadextreme (91).jpg,268.5,K
www.overloadextreme (49).jpg,267.17,K
www.overloadextreme (157).jpg,262.44,K
www.overloadextreme (114).jpg,256.02,K
www.overloadextreme (129).jpg,254.39,K
www.overloadextreme (133).jpg,253.02,K
www.overloadextreme (53).jpg,250.56,K
www.overloadextreme (62).jpg,248.04,K
www.overloadextreme (336).jpg,243.53,K
www.overloadextreme (293).jpg,240.78,K
www.overloadextreme (146).jpg,239.02,K
www.overloadextreme (124).jpg,238.93,K
www.overloadextreme (279).jpg,238.86,K
www.overloadextreme (281).jpg,238.77,K
www.overloadextreme (52).jpg,237.89,K
www.overloadextreme (111).jpg,236.03,K
www.overloadextreme (128).jpg,231.61,K
www.overloadextreme (60).jpg,225.89,K
www.overloadextreme (81).jpg,223.25,K
www.overloadextreme (282).jpg,223.19,K
www.overloadextreme (108).jpg,222.08,K
www.overloadextreme (25).jpg,209.47,K
www.overloadextreme (87).jpg,206.53,K
www.overloadextreme (101).jpg,197.54,K
www.overloadextreme (285).jpg,192.54,K
www.overloadextreme (333).jpg,190.33,K
www.overloadextreme (273).jpg,190.23,K
www.overloadextreme (105).jpg,189.88,K
www.overloadextreme (55).jpg,188.96,K
www.overloadextreme (84).jpg,188.5,K
www.overloadextreme (80).jpg,188.47,K
www.overloadextreme (130).jpg,185.08,K
www.overloadextreme (102).jpg,184.98,K
www.overloadextreme (110).jpg,181.47,K
www.overloadextreme (30).jpg,178,K
www.overloadextreme (83).jpg,171.45,K
www.overloadextreme (307).jpg,169.04,K
www.overloadextreme (308).jpg,165.51,K
www.overloadextreme (82).jpg,162.88,K
www.overloadextreme (33).jpg,161.11,K
www.overloadextreme (117).jpg,160.2,K
www.overloadextreme (158).jpg,149.69,K
www.overloadextreme (147).jpg,148.12,K
www.overloadextreme (74).jpg,147.61,K
www.overloadextreme (115).jpg,141.62,K
www.overloadextreme (309).jpg,140.48,K
www.overloadextreme (29).jpg,132.85,K
www.overloadextreme (9).jpg,129.26,K
www.overloadextreme (58).jpg,126.32,K
www.overloadextreme (149).jpg,124.01,K
www.overloadextreme (51).jpg,114.02,K
www.overloadextreme (59).jpg,103.24,K
www.overloadextreme (127).jpg,101.05,K
www.overloadextreme (121).jpg,75.56,K
Read Me.txt,151,B
Torrent downloaded from Demonoid.me.txt,46,B
