Title,Type,Files,Size,IMDB,Spoken Languages,Texted Languages,Tags,Quality (+),Quality (-),Uploaded,By,User Type,Seeders,Leechers,Info Hash,Picture,Capture Date
Flutter (v0.1.185),302,35,4.68 MiB (4902580 Bytes),,,,"""Flutter"",""0.1.185""",1,0,2012-09-22T16:38:16Z,Dimasik89,,0,13,AB59DD0F5194CF5460DBB7BCA4CB66EFC3EE9D82,http://image.bayimg.com/cacidaaen.jpg,2012-10-04T14:57:15Z
