Filename,Size,Unit
Prototype.part1.exe,3.91,G
Prototype.part2.rar,3.38,G
visit-nosteam-forum.html,3.08,K
READ ME FIRST !!!.txt,2.01,K
"Open only part1 ,part2 is installing automatically.txt",95,B
Torrent downloaded from Demonoid.me.txt,46,B
