Filename,Size,Unit
Fairy Tail - 163 [FlyH] vostfr 720p.mp4,286.93,M
