User Type,Username,Date,Text
,nuneral,2012-05-15T06:04Z,nice up
,stalker277,2012-09-14T12:44Z,"Yep, beautiful music, thanks!

BTW, Bryson Andres has a store on reverbnation dtcom... $10 for his 26 track album, not a fortune, people."
