Filename,Size,Unit
london.2012.olympics.womens.beach.volleyball.semi.final.usa.vs.china.720p.hdtv.x264-2hd.nfo,7.36,K
london.2012.olympics.womens.beach.volleyball.semi.final.usa.vs.china.720p.hdtv.x264-2hd.r00,47.68,M
london.2012.olympics.womens.beach.volleyball.semi.final.usa.vs.china.720p.hdtv.x264-2hd.r01,47.68,M
london.2012.olympics.womens.beach.volleyball.semi.final.usa.vs.china.720p.hdtv.x264-2hd.r02,47.68,M
london.2012.olympics.womens.beach.volleyball.semi.final.usa.vs.china.720p.hdtv.x264-2hd.r03,47.68,M
london.2012.olympics.womens.beach.volleyball.semi.final.usa.vs.china.720p.hdtv.x264-2hd.r04,47.68,M
london.2012.olympics.womens.beach.volleyball.semi.final.usa.vs.china.720p.hdtv.x264-2hd.r05,47.68,M
london.2012.olympics.womens.beach.volleyball.semi.final.usa.vs.china.720p.hdtv.x264-2hd.r06,47.68,M
london.2012.olympics.womens.beach.volleyball.semi.final.usa.vs.china.720p.hdtv.x264-2hd.r07,47.68,M
london.2012.olympics.womens.beach.volleyball.semi.final.usa.vs.china.720p.hdtv.x264-2hd.r08,47.68,M
london.2012.olympics.womens.beach.volleyball.semi.final.usa.vs.china.720p.hdtv.x264-2hd.r09,47.68,M
london.2012.olympics.womens.beach.volleyball.semi.final.usa.vs.china.720p.hdtv.x264-2hd.r10,47.68,M
london.2012.olympics.womens.beach.volleyball.semi.final.usa.vs.china.720p.hdtv.x264-2hd.r11,47.68,M
london.2012.olympics.womens.beach.volleyball.semi.final.usa.vs.china.720p.hdtv.x264-2hd.r12,47.68,M
london.2012.olympics.womens.beach.volleyball.semi.final.usa.vs.china.720p.hdtv.x264-2hd.r13,47.68,M
london.2012.olympics.womens.beach.volleyball.semi.final.usa.vs.china.720p.hdtv.x264-2hd.r14,47.68,M
london.2012.olympics.womens.beach.volleyball.semi.final.usa.vs.china.720p.hdtv.x264-2hd.r15,47.68,M
london.2012.olympics.womens.beach.volleyball.semi.final.usa.vs.china.720p.hdtv.x264-2hd.r16,47.68,M
london.2012.olympics.womens.beach.volleyball.semi.final.usa.vs.china.720p.hdtv.x264-2hd.r17,47.68,M
london.2012.olympics.womens.beach.volleyball.semi.final.usa.vs.china.720p.hdtv.x264-2hd.r18,47.68,M
london.2012.olympics.womens.beach.volleyball.semi.final.usa.vs.china.720p.hdtv.x264-2hd.r19,47.68,M
london.2012.olympics.womens.beach.volleyball.semi.final.usa.vs.china.720p.hdtv.x264-2hd.r20,47.68,M
london.2012.olympics.womens.beach.volleyball.semi.final.usa.vs.china.720p.hdtv.x264-2hd.r21,47.68,M
london.2012.olympics.womens.beach.volleyball.semi.final.usa.vs.china.720p.hdtv.x264-2hd.r22,47.68,M
london.2012.olympics.womens.beach.volleyball.semi.final.usa.vs.china.720p.hdtv.x264-2hd.r23,47.68,M
london.2012.olympics.womens.beach.volleyball.semi.final.usa.vs.china.720p.hdtv.x264-2hd.r24,47.68,M
london.2012.olympics.womens.beach.volleyball.semi.final.usa.vs.china.720p.hdtv.x264-2hd.r25,47.68,M
london.2012.olympics.womens.beach.volleyball.semi.final.usa.vs.china.720p.hdtv.x264-2hd.r26,47.68,M
london.2012.olympics.womens.beach.volleyball.semi.final.usa.vs.china.720p.hdtv.x264-2hd.r27,47.68,M
london.2012.olympics.womens.beach.volleyball.semi.final.usa.vs.china.720p.hdtv.x264-2hd.r28,47.68,M
london.2012.olympics.womens.beach.volleyball.semi.final.usa.vs.china.720p.hdtv.x264-2hd.r29,47.68,M
london.2012.olympics.womens.beach.volleyball.semi.final.usa.vs.china.720p.hdtv.x264-2hd.r30,47.68,M
london.2012.olympics.womens.beach.volleyball.semi.final.usa.vs.china.720p.hdtv.x264-2hd.r31,27.16,M
london.2012.olympics.womens.beach.volleyball.semi.final.usa.vs.china.720p.hdtv.x264-2hd.rar,47.68,M
london.2012.olympics.womens.beach.volleyball.semi.final.usa.vs.china.720p.hdtv.x264-2hd.sfv,3.29,K
Sample/sample-london.2012.olympics.womens.beach.volleyball.semi.final.usa.vs.china.720p.hdtv.x264-2hd.mkv,39.49,M
www.speed.cd read me .txt,47,B
www.Speed.cd.txt,47,B
