User Type,Username,Date,Text
[V],zyx55e,2012-12-17T18:12Z,thx for long awaited rls saket bro. Rgds Phantom ;)
,schnitzelburger,2012-12-21T00:05Z,http://www.imdb.com/title/tt2156785/
