User Type,Username,Date,Text
,whitefalcon52,2012-02-09T05:03Z,"wushdishmeen

thx

jo"
