Filename,Size,Unit
NeighborAffair.12.07.10.Cassie.Laine.And.Jaslene.Jade.XXX.mp4,1.11,G
