User Type,Username,Date,Text
,BaronVonWatermelon,2012-11-09T19:46Z,I love the tags for this! I totally do the same thing with my uploads.
