Filename,Size,Unit
Depths of Betrayal Collector's Edition.rar,324.47,M
