Title,Type,Files,Size,IMDB,Spoken Languages,Texted Languages,Tags,Quality (+),Quality (-),Uploaded,By,User Type,Seeders,Leechers,Info Hash,Picture,Capture Date
You Me At Six - Final Night Of Sin Live Wembley Arena London,101,22,158.54 MiB (166243711 Bytes),,,,"""you me at six ymas pop rock si""",0,0,2012-12-22T22:21:57Z,Anonymous,,5,1,86A39AB75FF4175822B23951DB2138C249F1C159,http://image.bayimg.com/3656bfecd2e0f39f8eaf433729a443b195665133.jpg,2013-01-10T16:35:59Z
