Title,Type,Files,Size,IMDB,Spoken Languages,Texted Languages,Tags,Quality (+),Quality (-),Uploaded,By,User Type,Seeders,Leechers,Info Hash,Picture,Capture Date
Microsoft_Windows_8_(x86.x64)_(Enterprise.Pro_VL.Language_Pack)_,301,9,19.99 GiB (21460641554 Bytes),,,,"""windows 8 enterprise pro x86 x""",1,0,2012-08-28T06:40:15Z,thunderzz,,12,16,35A3C5E4CBF48C926BD3DF6E3582720609FD92B7,,2012-09-16T11:03:48Z
