Title,Type,Files,Size,IMDB,Spoken Languages,Texted Languages,Tags,Quality (+),Quality (-),Uploaded,By,User Type,Seeders,Leechers,Info Hash,Picture,Capture Date
ITS.ALWAYS.SUNNY.IN.PHILADELPHIA.2005.S02E1.DVDrip.Swesub.XviD-M,205,3,448.42 MiB (470200605 Bytes),http://www.imdb.com/title/tt0786802/,English,Swedish,"""Danny DeVito"",""Charlie Day"",""Glenn Howerton"",""Kaitlin Olson"",""Rob McElhenney""",1,0,2012-02-12T13:04:50Z,kajjsan,[V],5,0,A3B5B0CAD4FBC7B05168B340E3199F034A90799C,http://image.bayimg.com/lamcbaadj.jpg,2012-09-30T07:10:01Z
