Filename,Size,Unit
Bandolera 1x349 -www.lokotorrents.com.avi,432.39,M
