User Type,Username,Date,Text
[V],azizex666,2012-11-24T08:30Z,"@anubis7914
There ya go, your requested book is in here."
,anubis7914,2012-11-24T12:45Z,thank-you soooo much
