Filename,Size,Unit
National.Geographic.Hooked.Extreme.Angling.480p.HDTV.x264-mSD.mkv,365.69,M
National.Geographic.Hooked.Extreme.Angling.480p.HDTV.x264-mSD.nfo,1.1,K
Read this before playing this Video.txt,222,B
Torrent have been downloaded from Scenetime.com.txt,222,B
