Filename,Size,Unit
CD/01. Vaterunser.mp3,2.69,M
CD/02. Mensch.mp3,9.54,M
CD/03. Die Fliege.mp3,4.38,M
CD/04. Die Zehn Gebote.mp3,9.3,M
CD/05. BÃ¶ser Wolf.mp3,8.78,M
CD/06. Nichts Bleibt FÃ¼r Die Ewigkeit.mp3,9.21,M
CD/07. Ewig WÃ¤hrt Am LÃ¤ngsten (Dub).mp3,6.67,M
CD/08. Und So Weiter.mp3,3.89,M
CD/09. Bonnie & Clyde.mp3,8.13,M
CD/10. Der FroschkÃ¶nig.mp3,8.62,M
CD/11. XTC.mp3,9.61,M
CD/12. LÃ¼gen.mp3,9.64,M
CD/13. Paradies.mp3,9.52,M
CD/14. Und Wir Leben.mp3,8.84,M
"CD/15. Er Denkt, Sie Denkt.mp3",10.36,M
CD/16. Seelentherapie.mp3,11.98,M
CD/17. Viva La Revolution.mp3,11,M
CD/18. Zehn Kleine JÃ¤germeister.mp3,10.98,M
"CD/19. Fliegen (Pushed Again, Single, 1998).mp3",10.29,M
"CD/20. Prominentenpsychose (Nichts Bleibt FÃ¼r Die Ewigkeit, Single, 1995).mp3",7.47,M
"CD/21. HerzglÃ¼ck Harte Welle (Bonnie & Clyde, Single, 1996).mp3",4.54,M
CD/Die toten Hosen - Opium furs Volk (REMASTERED).flac.mp3.cue,3.11,K
CD/Die Toten Hosen - Opium FÃ¼rs Volk.m3u,1.69,K
