Title,Type,Files,Size,IMDB,Spoken Languages,Texted Languages,Tags,Quality (+),Quality (-),Uploaded,By,User Type,Seeders,Leechers,Info Hash,Picture,Capture Date
Corel Paintshop PRO X4 + Keygen~~(TIMETHIEF),301,6,334.34 MiB (350582742 Bytes),,,,,0,0,2012-04-14T16:37:18Z,TIMETHIEF,,9,8,52124DABE05D45E6498E8811F1B6A4F90C574674,http://image.bayimg.com/kaolcaada.jpg,2012-09-26T00:07:23Z
