Title,Type,Files,Size,IMDB,Spoken Languages,Texted Languages,Tags,Quality (+),Quality (-),Uploaded,By,User Type,Seeders,Leechers,Info Hash,Picture,Capture Date
Youre.Nobody.til.Somebody.Kills.You.2012.VODRip-4PlayHD,201,2,749.04 MiB (785423090 Bytes),,English,,,0,0,2012-07-12T15:45:04Z,crazy-torrent,[V],1,1,A87DB2234C9CA0B14280960824B17CCD1AC65ABE,,2012-09-20T06:13:03Z
