Title,Type,Files,Size,IMDB,Spoken Languages,Texted Languages,Tags,Quality (+),Quality (-),Uploaded,By,User Type,Seeders,Leechers,Info Hash,Picture,Capture Date
Order And Chaos Online v1.1.4 Android,408,2,2.94 MiB (3084175 Bytes),,,,,0,0,2012-10-29T03:04:53Z,.BONE.,[V],6,1,6544E81EF4100FF969CB3BEDFA1178FB5FB58788,,2012-11-26T21:27:39Z
