Title,Type,Files,Size,IMDB,Spoken Languages,Texted Languages,Tags,Quality (+),Quality (-),Uploaded,By,User Type,Seeders,Leechers,Info Hash,Picture,Capture Date
Tokyo-Hot - Meat Urinal Caster - Kurea Asuka [Uncensored].avi,506,1,993.37 MiB (1041626774 Bytes),,,,"""2012"",""All sex"",""Asian"",""Hardcore"",""Uncensored"",""XXX"",""Adult""",0,0,2012-12-26T15:02:46Z,1.No.1,[V],140,66,573E6DB5F419ED0BFE759606BD7D82133483DC05,http://image.bayimg.com/d2bf64c17ddc50067c5c02bcb2013975174d9644.jpg,2013-01-10T21:48:08Z
