Filename,Size,Unit
Wildkatzen.2.GERMAN.XXX.mp4,1.15,G
