Filename,Size,Unit
"12 -  Fantasy, the Holly and the Ivy.mp3",20.47,M
20 -  The First NowellChristmas Carnival.mp3,12.93,M
04 -  Mary's Boy Child.mp3,9.44,M
06 -  Have Yourself A Merry Little Christmas.mp3,9.28,M
08 -  The Christmas Song.mp3,8.53,M
15 -  Jingle Bells.mp3,8.14,M
01 -  White Christmas.mp3,7.67,M
19 -  O Little Town of Bethlehem.mp3,7.25,M
05 -  Little Drummer Boy.mp3,7.09,M
"11 -  Three German Dances, Sleigh Ride.mp3",7.01,M
"09 -  Lieutenant Kije, Troika.mp3",7,M
03 -  Sleigh Ride.mp3,6.97,M
17 -  Once in Royal David's City.mp3,6.79,M
16 -  Good King Wenceslas.mp3,6.63,M
18 -  Away in a Manger.mp3,5.77,M
"13 -  God Rest Ye Merry, Gentlemen.mp3",5.77,M
02 -  Let it Snow.mp3,5.14,M
07 -  Winter Wonderland.mp3,4.91,M
14 -  Unto Us Is Born a Son.mp3,4.38,M
10 -  Sussex Carol.mp3,3.7,M
RPO A Classical Christmas [back].jpg,40.27,K
RPO A Classical Christmas [front].jpg,39.45,K
