Title,Type,Files,Size,IMDB,Spoken Languages,Texted Languages,Tags,Quality (+),Quality (-),Uploaded,By,User Type,Seeders,Leechers,Info Hash,Picture,Capture Date
Whiskey.Business.2012.HDTVRip.XviD-F0RFUN,201,3,701.14 MiB (735200602 Bytes),http://www.imdb.com/title/tt2293041/,English,,"""Whiskey"",""Business"",""2012"",""HDTVRip"",""XviD"",""F0RFUN""",0,0,2012-07-16T20:34:58Z,scene4all,[V],10,1,5D52BEB85C3624F90FBC5D4514D35919640720EA,http://image.bayimg.com/naahlaaeb.jpg,2012-09-20T00:11:09Z
