Filename,Size,Unit
An Unearthly Child.txt,2.07,K
Doctor Who 19631123 - An Unearthly Child.mkv,315.82,M
Doctor Who 19631130 - The Cave of Skulls.mkv,342.38,M
Doctor Who 19631207 - The Forest of Fear.mkv,254.93,M
Doctor Who 19631214 - The Firemaker.mkv,314.1,M
