User Type,Username,Date,Text
,Torporo,2012-07-24T03:40Z,"http://www.imdb.com/title/tt1808076/ It's 2011, not 2012."
