Filename,Size,Unit
Peter Gabriel-New Blood.mp4,2.17,G
