Title,Type,Files,Size,IMDB,Spoken Languages,Texted Languages,Tags,Quality (+),Quality (-),Uploaded,By,User Type,Seeders,Leechers,Info Hash,Picture,Capture Date
TheRealWorkout.Rachel Roxxx,599,4,668.13 MiB (700585495 Bytes),,,,,0,0,2012-08-31T17:34:37Z,XxXRG,[T],7,1,6631071F99D6EA8354C04819AED19FABFA802232,,2012-09-16T03:42:42Z
