Filename,Size,Unit
01 Get Laid.mp3,8.44,M
