Filename,Size,Unit
Chaalis Chauraasi (Screens) - DVDRip - XviD - 1CDRip - [DDR]/1.png,111.54,K
Chaalis Chauraasi (Screens) - DVDRip - XviD - 1CDRip - [DDR]/10.png,194.87,K
Chaalis Chauraasi (Screens) - DVDRip - XviD - 1CDRip - [DDR]/11.png,175.52,K
Chaalis Chauraasi (Screens) - DVDRip - XviD - 1CDRip - [DDR]/12.png,131.13,K
Chaalis Chauraasi (Screens) - DVDRip - XviD - 1CDRip - [DDR]/13.png,101.39,K
Chaalis Chauraasi (Screens) - DVDRip - XviD - 1CDRip - [DDR]/14.png,242.17,K
Chaalis Chauraasi (Screens) - DVDRip - XviD - 1CDRip - [DDR]/15.png,128.67,K
Chaalis Chauraasi (Screens) - DVDRip - XviD - 1CDRip - [DDR]/16.png,172.72,K
Chaalis Chauraasi (Screens) - DVDRip - XviD - 1CDRip - [DDR]/2.png,223.21,K
Chaalis Chauraasi (Screens) - DVDRip - XviD - 1CDRip - [DDR]/3.png,175.81,K
Chaalis Chauraasi (Screens) - DVDRip - XviD - 1CDRip - [DDR]/4.png,214.34,K
Chaalis Chauraasi (Screens) - DVDRip - XviD - 1CDRip - [DDR]/5.png,233.37,K
Chaalis Chauraasi (Screens) - DVDRip - XviD - 1CDRip - [DDR]/6.png,232.02,K
Chaalis Chauraasi (Screens) - DVDRip - XviD - 1CDRip - [DDR]/7.png,141.45,K
Chaalis Chauraasi (Screens) - DVDRip - XviD - 1CDRip - [DDR]/8.png,224.53,K
Chaalis Chauraasi (Screens) - DVDRip - XviD - 1CDRip - [DDR]/9.png,168.98,K
Chaalis Chauraasi (Sample) - DVDRip - XviD - 1CDRip - [DDR].avi,6.66,M
Chaalis Chauraasi - DVDRip - XviD - 1CDRip - [DDR].avi,698.12,M
Chaalis Chauraasi - DVDRip - XviD - 1CDRip - [DDR].gif,37.27,K
Chaalis Chauraasi - DVDRip - XviD - 1CDRip - [DDR].nfo,9.48,K
Chaalis Chauraasi - DVDRip - XviD - 1CDRip - [DDR].srt,106.49,K
Torrent Downloaded From ExtraTorrent.com.txt,1.03,K
Torrent Seeded by Novalayer.com.txt,117,B
