Filename,Size,Unit
222 - Hurricane Fluttershy (1080p).mp4,850.08,M
