User Type,Username,Date,Text
,baby967,2012-04-01T00:00Z,"correction:
Size: ~ 274 MB"
,FileList1,2012-04-01T15:30Z,Thank you!
,baby967,2012-04-01T23:57Z,[:-)
