Filename,Size,Unit
ktr.kow.12.03.24.angela.attison.solo.4.mp4,430.62,M
