Title,Type,Files,Size,IMDB,Spoken Languages,Texted Languages,Tags,Quality (+),Quality (-),Uploaded,By,User Type,Seeders,Leechers,Info Hash,Picture,Capture Date
"Serena Ali, Jonni Darkko - Suck It Dry 10, Scene 9 (EvilAngel)",505,1,806.24 MiB (845404405 Bytes),,,,"""Handjob"",""Blowjob""",0,0,2012-12-07T13:34:05Z,R0thschild,[V],43,33,1F6168A985524D959F97523FE10A4A71939F8E20,,2012-12-08T04:36:34Z
