Title,Type,Files,Size,IMDB,Spoken Languages,Texted Languages,Tags,Quality (+),Quality (-),Uploaded,By,User Type,Seeders,Leechers,Info Hash,Picture,Capture Date
Gemini Wars [PC ~ ENG][SKIDROW][Colombo-BT.i2p],401,5,1.3 GiB (1399165803 Bytes),,,,"""gemini"",""wars"",""game"",""eng"",""skidrow"",""colombo-bt.i2p""",2,0,2012-06-09T12:45:26Z,Colombo-bt,[V],4,2,23A2807601EB55F9B9C96B22446F112421FFB078,http://image.bayimg.com/eappoaada.jpg,2012-09-22T10:15:00Z
