Filename,Size,Unit
[hshare.net].Dragon.Knight.Gaiden.[UNCEN].avi,572.16,M
[hshare.net].Dragon.Knight.Gaiden.[SCREENSHOTS].jpg,296.07,K
[hshare.net].Dragon.Knight.Gaiden.[COVER].jpg,250.52,K
[hshare.net].nfo,709,B
[hentaianimedownloads.com].nfo,153,B
