Title,Type,Files,Size,IMDB,Spoken Languages,Texted Languages,Tags,Quality (+),Quality (-),Uploaded,By,User Type,Seeders,Leechers,Info Hash,Picture,Capture Date
Los Hermanos Rosarios,101,126,831.82 MiB (872230447 Bytes),,,,,0,0,2012-02-23T15:39:55Z,aaron954,,1,4,E3F4BEBF67804439EF736A9A037BB9A319E22C41,,2012-09-29T16:08:53Z
