User Type,Username,Date,Text
,paskoxbox,2012-08-24T03:17Z,tanx for placing the get torrent link
