Filename,Size,Unit
A Economia da Cadeia Produtiva do Livro - FÃ¡bio de SÃ¡ Earp.rar,438.67,K
