Filename,Size,Unit
Alysha.Rylee.Her.pussy.used.to.be.tight.MonstersOfCock.10.xx.12.HD_iyutero.com.mp4,859.56,M
