User Type,Username,Date,Text
,icepilot,2012-06-12T22:58Z,Schmegadildoes for all your stern torrents
,willh3,2012-06-13T06:48Z,Many thanks... and F Jackie
