Filename,Size,Unit
B&B May 25 - 12.avi,82.64,M
