Filename,Size,Unit
First Read This Guide.txt,580,B
National.Geographic.Wild.My.Lion.Family.CONVERT.480p.HDTV.x264-mSD.mkv,434.98,M
National.Geographic.Wild.My.Lion.Family.CONVERT.480p.HDTV.x264-mSD.nfo,1.11,K
www.Torrentday.com.txt,580,B
