Title,Type,Files,Size,IMDB,Spoken Languages,Texted Languages,Tags,Quality (+),Quality (-),Uploaded,By,User Type,Seeders,Leechers,Info Hash,Picture,Capture Date
Hollywood.Heartbreakers.2.XXX.DVDRiP.x264-DivXfacTory,599,6,1.73 GiB (1860197472 Bytes),,,,"""All Sex"",""Anal"",""Hardcore"",""Oral""",0,0,2012-12-19T16:38:18Z,R0thschild,[V],29,43,2BFC0BB672C10BA79B3C8BDD39A8F06C683B2076,,2013-01-10T10:12:49Z
