User Type,Username,Date,Text
,dick14922,2012-04-20T17:09Z,"http://thepiratebay.se/torrent/7193856/Marc_Dorcel__La_Course_Au_Sexe_[DVDRip]
Please re-seed this torrent as I am stuck@ 95.5% with a lot of others.Thanks in advance."
