Filename,Size,Unit
A.077.SFIDA.AI.KILLERS.1966.DVDrip.Swesub.XviD.AC3-Mr_KeFF.avi,1.07,G
A.077.SFIDA.AI.KILLERS.1966.DVDrip.Swesub.XviD.AC3-Mr_KeFF.jpg,27.17,K
KeFF-INFO.txt,2.48,K
