Filename,Size,Unit
Zaho - Boloss.mp3,8.49,M
