Filename,Size,Unit
MiB_Haily.mp4,525.11,M
