User Type,Username,Date,Text
,mikron24,2012-11-20T03:58Z,thanks for this but I really need the torrent for 11/22/2012 guest Drunvalo Melchizedek
,jmarko11,2012-11-20T12:31Z,"@mikron24  Sure i can get it, let me just get the time machine out of the basement"
,qcmttweb,2012-11-21T02:41Z,lol... thanks again!!
,bozeda,2012-11-21T03:27Z,Graci
,raukerdude,2012-11-21T13:31Z,Thanks
