Title,Type,Files,Size,IMDB,Spoken Languages,Texted Languages,Tags,Quality (+),Quality (-),Uploaded,By,User Type,Seeders,Leechers,Info Hash,Picture,Capture Date
Young Bleed - My Balls & My Word (1998),101,14,131.54 MiB (137932378 Bytes),,,,"""Young Bleed"",""My Balls"",""My Word""",0,0,2012-12-22T15:37:19Z,Sackilla666,[T],1,3,AFF3B94C655CF4C869DACC6401E1103153347119,http://image.bayimg.com/36785109d18958e5bfe0c9041b7ca1999fa3f887.jpg,2013-01-10T15:42:21Z
