Filename,Size,Unit
White Stripes - Seven Nation Army (The Glitch Mob Remix).mp3,10.17,M
