User Type,Username,Date,Text
[S],Agricola,2012-12-11T22:21Z,"My head is up my arse,  1643 pics
not 17635  =)"
