Filename,Size,Unit
Lolita-Uno.Giovane.Mogile.Perversa.SPANISH.XXX.avi,527.92,M
