Filename,Size,Unit
"KOJAK -- When You Hear the Beep, Drop Dead ( 4th Season ).mp4",366.67,M
