Title,Type,Files,Size,IMDB,Spoken Languages,Texted Languages,Tags,Quality (+),Quality (-),Uploaded,By,User Type,Seeders,Leechers,Info Hash,Picture,Capture Date
ImTOO.HD.Video.Converter.v7.3.0.20120529.Multilanguage-LAXiTY,301,7,35.69 MiB (37421110 Bytes),,,,"""ImTOO"",""Video"",""Converter"",""v7.3.0.20120529"",""Multilanguage"",""LAXiTY""",0,0,2012-06-23T20:20:33Z,scene4all,[V],22,1,C2E99C45218CAD695DCF3760D6E2EC6058ADF42D,http://image.bayimg.com/kaplcaade.jpg,2012-09-21T10:19:14Z
