Filename,Size,Unit
Sweethearts.Special.25.Sexy.Food.And.Drinks.XXX.a.avi,698.63,M
Sweethearts.Special.25.Sexy.Food.And.Drinks.XXX.b.avi,700.94,M
