User Type,Username,Date,Text
,cougmiester,2012-09-08T18:39Z,"90% of people marry their 7th-12th grade love. Since u have read this, u will be told good news 2night. If u don't post this on nine comments your worst week starts now"
