Filename,Size,Unit
INNOVADORES EM 05-03-12.pdf,10.72,M
EM 05-03-12.pdf,5.93,M
