Filename,Size,Unit
900.4608 Uk & Roi map.rar,153.97,M
