Filename,Size,Unit
Chongas.com - 2012-06-09 - ch10368500k.wmv,416.16,M
