Filename,Size,Unit
History.Ch.China.Dynasties.and.Mysteries.2of2.Forbidden.City.XviD.AC3.MVGroup.org.avi,699.79,M
