User Type,Username,Date,Text
,Dragonetta,2012-07-14T19:30Z,Thank you VERY much!
