Title,Type,Files,Size,IMDB,Spoken Languages,Texted Languages,Tags,Quality (+),Quality (-),Uploaded,By,User Type,Seeders,Leechers,Info Hash,Picture,Capture Date
Harmony Rose - Manhandled 3 (still one of the best whores),599,5,331.98 MiB (348105145 Bytes),,,,"""""harmony rose"""",""""rough"""",""""extreme"""",""""gag"""",""""deepthroat"""",""""facefuck"""",""""anal"""",""""atm"""",""""facial"""",""""cumshot""""",1,1,2012-03-21T01:21:34Z,dias_vld,[V],4,2,F07AC48A2512391F080D534ACBF6F79BFBA2A2DD,,2012-09-27T19:59:28Z
