Filename,Size,Unit
Bella_D_720p.mp4,805.5,M
