Filename,Size,Unit
Brave.2012.R5.DVDRIP.LINE.XVID.AC3-26K.avi,1.34,G
Sample.avi,14.19,M
Brave.2012.R5.DVDRIP.LINE.XVID.AC3-26K.nfo,10.23,K
