Filename,Size,Unit
1.png,239.84,K
2.png,184.16,K
3.png,197.79,K
Four.Horsemen.2012.DVDRip.XviD.AC3-MAJESTiC.avi,1.46,G
Four.Horsemen.2012.DVDRip.XviD.AC3-MAJESTiC.nfo,1.76,K
READ this before playing the Movie.txt,605,B
sample.avi,20.23,M
www.Torrenting.com.txt,605,B
