Title,Type,Files,Size,IMDB,Spoken Languages,Texted Languages,Tags,Quality (+),Quality (-),Uploaded,By,User Type,Seeders,Leechers,Info Hash,Picture,Capture Date
MassageGirls18 - Morgan Brooke,506,1,421.42 MiB (441891520 Bytes),,,,"""Anal"",""Oral"",""Hardcore""",0,0,2012-10-28T20:18:52Z,R0thschild,[T],19,3,E9C25E08EE161D5F23B3A196F83FFFC9B56158BB,,2012-11-26T20:44:55Z
