Filename,Size,Unit
Jacqueline Susann - Valley of the Dolls (BBC) 2 of 3.mp3,62.55,M
Jacqueline Susann - Valley of the Dolls (BBC) 3 of 3.mp3,62.44,M
Jacqueline Susann - Valley of the Dolls (BBC) 1 of 3.mp3,62.24,M
ValleyOfTheDollsMock.jpg,86.84,K
Jacqueline Susann - Valley of the Dolls (BBC).m3u,384,B
Torrent downloaded from Demonoid.me.txt,46,B
