Title,Type,Files,Size,IMDB,Spoken Languages,Texted Languages,Tags,Quality (+),Quality (-),Uploaded,By,User Type,Seeders,Leechers,Info Hash,Picture,Capture Date
ooVoo 3.5.1.70 Final,301,1,1.56 MiB (1633360 Bytes),,,,"""ooVoo 3.5.1.70 Final""",0,0,2012-05-28T11:04:01Z,spirebyte,,3,0,A14EF7A404028F7BF4FF7ADCD96BA8D3D5B4B77E,http://image.bayimg.com/iaokpaadn.jpg,2012-09-23T06:35:31Z
