Filename,Size,Unit
SEKJ99.wbfs,1.39,G
