Title,Type,Files,Size,IMDB,Spoken Languages,Texted Languages,Tags,Quality (+),Quality (-),Uploaded,By,User Type,Seeders,Leechers,Info Hash,Picture,Capture Date
Catherine Bell Picture Collection,603,740,122.39 MiB (128336288 Bytes),,,,"""celebrity pics"",""catherine bell""",0,0,2012-11-25T01:21:39Z,Anonymous,,8,2,779CDA248267F6C01DA59E1F2F9791235D0572FF,,2012-12-03T08:03:06Z
