Title,Type,Files,Size,IMDB,Spoken Languages,Texted Languages,Tags,Quality (+),Quality (-),Uploaded,By,User Type,Seeders,Leechers,Info Hash,Picture,Capture Date
Danielle C - Joussy,503,101,32.19 MiB (33751775 Bytes),,,,,1,0,2012-05-06T23:21:10Z,Agricola,[M],0,1,F360012541176B6D1C9B40244E165DBDB33070C0,http://image.bayimg.com/labbkaadk.jpg,2012-09-24T13:49:04Z
