Filename,Size,Unit
01 Hallelujah (Leonard Cohen).mp3,10.36,M
02 Never Stop (Wedding Version).mp3,6.78,M
03 Anywhere But Here (Orchestral Ver.mp3,10.69,M
04 Let Go (Acoustic Version).mp3,8.17,M
