Filename,Size,Unit
The Book of Desires - Full PreCracked - Foxy Games.exe,206.21,M
Torrent downloaded from Demonoid.me.txt,46,B
