Filename,Size,Unit
BAD_TEACHER.Title1.avi,2,G
