Filename,Size,Unit
Chayse Evans - Evil Anal 10/Chayse Evans - Evil Anal 10.mp4,541.85,M
