Filename,Size,Unit
1996 - Airbag.avi,686.35,M
