Filename,Size,Unit
Anthony.Bourdain.No.Reservations.S08E16.480p.HDTV.x264-mSD.mkv,387.91,M
Anthony.Bourdain.No.Reservations.S08E16.480p.HDTV.x264-mSD.nfo,1.09,K
First Read This Guide.txt,580,B
www.Torrentday.com.txt,580,B
