Filename,Size,Unit
3.-The jack.mp3,13.44,M
4.-Live wire.mp3,13.32,M
7.-Little lover.mp3,12.91,M
2.-Rock n' roll singer.mp3,11.61,M
1.-It's a long way to the top (if you wanna rock n`roll).mp3,11.52,M
8.-She's got balls.mp3,11.13,M
6.-Can I sit next to you girl.mp3,9.63,M
9.-High voltage.mp3,9.27,M
5.-T.N.T..mp3,8.22,M
High voltage.jpg,32.19,K
