Title,Type,Files,Size,IMDB,Spoken Languages,Texted Languages,Tags,Quality (+),Quality (-),Uploaded,By,User Type,Seeders,Leechers,Info Hash,Picture,Capture Date
Fantasies.Of.Rubber.XXX,501,1,1.09 GiB (1170245411 Bytes),,English,,,0,1,2013-01-01T16:18:38Z,digital_ripper,[T],11,4,4E5E7EA66B0358EE28783271A436664990D19D2D,,2013-01-11T07:45:49Z
