Filename,Size,Unit
00_Trent_Reznor_and_Atticus_Ross_-_The_Social_Network-OST_WEB-2010.m3u,1.11,K
00_Trent_Reznor_and_Atticus_Ross_-_The_Social_Network-OST_WEB-2010.sfv,1.27,K
01_trent_reznor_and_atticus_ross_-_hand_covers_bruise.mp3,5.71,M
02_trent_reznor_and_atticus_ross_-_in_motion.mp3,6.74,M
03_trent_reznor_and_atticus_ross_-_a_familiar_taste.mp3,4.9,M
04_trent_reznor_and_atticus_ross_-_it_catches_up_with_you.mp3,1.57,M
05_trent_reznor_and_atticus_ross_-_intriguing_possibilities.mp3,5.16,M
06_trent_reznor_and_atticus_ross_-_painted_sun_in_abstract.mp3,3.69,M
07_trent_reznor_and_atticus_ross_-_314_every_night.mp3,4.45,M
08_trent_reznor_and_atticus_ross_-_pieces_form_the_whole.mp3,5.15,M
09_trent_reznor_and_atticus_ross_-_carbon_prevails.mp3,5.05,M
10_trent_reznor_and_atticus_ross_-_eventually_we_find_our_way.mp3,5.24,M
11_trent_reznor_and_atticus_ross_-_penetration.mp3,1.3,M
12_trent_reznor_and_atticus_ross_-_in_the_hall_of_the_mountain_king.mp3,3.21,M
13_trent_reznor_and_atticus_ross_-_on_we_march.mp3,6.29,M
14_trent_reznor_and_atticus_ross_-_magnetic.mp3,2.9,M
15_trent_reznor_and_atticus_ross_-_almost_home.mp3,4.89,M
16_trent_reznor_and_atticus_ross_-_hand_covers_bruise_reprise.mp3,2.13,M
17_trent_reznor_and_atticus_ross_-_complication_with_optimistic_outcome.mp3,4.4,M
18_trent_reznor_and_atticus_ross_-_the_gentle_hum_of_anxiety.mp3,5.15,M
19_trent_reznor_and_atticus_ross_-_soft_trees_break_the_fall.mp3,5.39,M
Butch Cassidy & The Sundance Kid/01 Sundance Kid.mp3,4.14,M
Butch Cassidy & The Sundance Kid/02 Raindrops Keep Fallin' On My Head.mp3,5.53,M
Butch Cassidy & The Sundance Kid/03 Not Goin' Home Anymore.mp3,6.43,M
Butch Cassidy & The Sundance Kid/04 South American Getaway.mp3,9.8,M
Butch Cassidy & The Sundance Kid/05 Raindrops Keep Fallin' On My Head (instrumental).mp3,4.79,M
Butch Cassidy & The Sundance Kid/06 On a Bicycle Builty For Joy.mp3,4.63,M
Butch Cassidy & The Sundance Kid/07 Come Touch the SUn.mp3,4.55,M
Butch Cassidy & The Sundance Kid/08 The Old Fun City (NY sequence).mp3,7.56,M
Butch Cassidy & The Sundance Kid/09 Not Goin' Home Anymore (reprise).mp3,2.22,M
Butch Cassidy & The Sundance Kid/cover.jpg,20.95,K
Drive/01. Kavinsky & Lovefoxxx - Nightcall.mp3,9.91,M
Drive/02. Desire - Under Your Spell.mp3,8.89,M
Drive/03. College - A Real Hero (feat. Electric Youth).mp3,10.22,M
Drive/04. Riz Ortolani - Oh My Love (feat. Katyna Ranieri).mp3,6.5,M
Drive/05. The Chromatics - Tick of the Clock.mp3,11,M
Drive/06. Cliff Martinez - Rubber Head.mp3,7.2,M
Drive/07. Cliff Martinez - I Drive.mp3,4.71,M
Drive/08. Cliff Martinez - He Had a Good Time.mp3,3.71,M
Drive/09. Cliff Martinez - They Broke His Pelvis.mp3,4.52,M
Drive/10. Cliff Martinez - Kick Your Teeth.mp3,6.12,M
Drive/11. Cliff Martinez - Where's the Deluxe Version.mp3,12.69,M
Drive/12. Cliff Martinez - See You in Four.mp3,6.02,M
Drive/13. Cliff Martinez - After The Chase.mp3,12.42,M
Drive/14. Cliff Martinez - Hammer.mp3,10.85,M
Drive/15. Cliff Martinez - Wrong Floor.mp3,3.48,M
Drive/16. Cliff Martinez - Skull Crushing.mp3,13.64,M
Drive/17. Cliff Martinez - My Name On a Car.mp3,5.3,M
Drive/18. Cliff Martinez - On the Beach.mp3,15.09,M
Drive/19. Cliff Martinez - Bride of Deluxe.mp3,9.06,M
Drive/cover.jpg,51.54,K
Drive/Drive.nfo,2.23,K
fight_club - B.O/fight_club - B.O.nfo,17.9,K
fight_club - B.O/fight_club - B.O/01 - Who is Tyler Durden.mp3,4.63,M
fight_club - B.O/fight_club - B.O/02 - Homework.mp3,4.22,M
fight_club - B.O/fight_club - B.O/03 - What is Fight .mp3,4.32,M
fight_club - B.O/fight_club - B.O/04 - Single Serving Jack.mp3,3.88,M
fight_club - B.O/fight_club - B.O/05 - Corporate World.mp3,2.49,M
fight_club - B.O/fight_club - B.O/06 - Psycho Boy Jack.mp3,2.71,M
fight_club - B.O/fight_club - B.O/07 - Hessel.mp3,2.59,M
fight_club - B.O/fight_club - B.O/08 - Medulla oblongada.mp3,5.49,M
fight_club - B.O/fight_club - B.O/09 - JackÂ´s Smirking Revenge.mp3,3.65,M
fight_club - B.O/fight_club - B.O/10 - Stealing Fat.mp3,2.17,M
fight_club - B.O/fight_club - B.O/11 - Chemical Burn.mp3,3.29,M
fight_club - B.O/fight_club - B.O/12 - Marla.mp3,4,M
fight_club - B.O/fight_club - B.O/13 - Commissioner Castration.mp3,2.85,M
fight_club - B.O/fight_club - B.O/14 - Space Monkeys.mp3,3.03,M
fight_club - B.O/fight_club - B.O/15 - Finding the Bomb.mp3,6.19,M
fight_club - B.O/fight_club - B.O/16 - Fight Club rules[english].mp3,783.74,K
fight_club - B.O/fight_club - back.png,407.64,K
fight_club - B.O/fight_club - front.png,299.13,K
Goblin/Suspiria/Goblin - 01 - Suspiria.mp3,10.57,M
Goblin/Suspiria/Goblin - 02 - Witch.mp3,5.92,M
Goblin/Suspiria/Goblin - 03 - Opening to the Sighs.mp3,1.01,M
Goblin/Suspiria/Goblin - 04 - Sighs.mp3,10.04,M
Goblin/Suspiria/Goblin - 05 - Markos.mp3,7.36,M
Goblin/Suspiria/Goblin - 06 - Black Forest.mp3,9.95,M
Goblin/Suspiria/Goblin - 07 - Blind Concert.mp3,10.36,M
Goblin/Suspiria/Goblin - 08 - Death Valzer.mp3,2.6,M
Goblin/Suspiria/Goblin - 09 - Suspiria (narration).mp3,2.69,M
Goblin/Suspiria/Goblin - 10 - Markos (alternate version).mp3,6.9,M
Goblin/Suspiria/Goblin - 11 - Suspiria (Daemonia version).mp3,9.53,M
Goblin/Suspiria/Suspiria.m3u,374,B
grindhouse - planet terror soundtrack/01-robert_rodriguez-grindhouse_(main_titles).mp3,4.87,M
grindhouse - planet terror soundtrack/02-robert_rodriguez-doc_block.mp3,2.27,M
grindhouse - planet terror soundtrack/03-robert_rodriguez-the_sickos.mp3,2.42,M
grindhouse - planet terror soundtrack/04-rose_mcgowan-you_belong_to_me.mp3,2.87,M
grindhouse - planet terror soundtrack/05-robert_rodriguez-go_go_not_cry_cry.mp3,1.78,M
grindhouse - planet terror soundtrack/06-robert_rodriguez-hospital_epidemic.mp3,1.81,M
grindhouse - planet terror soundtrack/07-rose_mcgowan-useless_talent_32.mp3,4.49,M
grindhouse - planet terror soundtrack/08-robert_rodriguez-his_prescription_pain.mp3,1.14,M
grindhouse - planet terror soundtrack/09-robert_rodriguez-cherry_darling.mp3,1.27,M
grindhouse - planet terror soundtrack/10-robert_rodriguez-the_grindhouse_blues.mp3,4.02,M
grindhouse - planet terror soundtrack/11-robert_rodriguez-el_wray.mp3,1.59,M
grindhouse - planet terror soundtrack/12-robert_rodriguez-police_station_assault.mp3,2.11,M
grindhouse - planet terror soundtrack/13-robert_rodriguez-dakota.mp3,3.03,M
grindhouse - planet terror soundtrack/14-robert_rodriguez-zero_to_fifty_in_four.mp3,2.18,M
grindhouse - planet terror soundtrack/15-robert_rodriguez-fury_road.mp3,2.65,M
grindhouse - planet terror soundtrack/16-robert_rodriguez-helicopter_sicko_chopper.mp3,1.48,M
grindhouse - planet terror soundtrack/17-robert_rodriguez-the_ring_in_the_jacket.mp3,1.77,M
grindhouse - planet terror soundtrack/18-robert_rodriguez-killer_legs.mp3,3.42,M
grindhouse - planet terror soundtrack/19-robert_rodriguez-melting_member.mp3,2.61,M
grindhouse - planet terror soundtrack/20-nouvelle_vague-too_drunk_to_fuck.mp3,3.22,M
grindhouse - planet terror soundtrack/22-rose_mcgowan-two_against_the_world.mp3,2.44,M
grindhouse - planet terror soundtrack/Grindhouse: Planet Terror.jpg,82.6,K
Grizzly.man-Soundtrack.320kb.(2005)-ROAR/01 - Tim & the bears.mp3,2.2,M
Grizzly.man-Soundtrack.320kb.(2005)-ROAR/02 - Main title.mp3,9.14,M
Grizzly.man-Soundtrack.320kb.(2005)-ROAR/03 - Foxes.mp3,10.06,M
Grizzly.man-Soundtrack.320kb.(2005)-ROAR/04 - Ghosts in the maze.mp3,3.57,M
Grizzly.man-Soundtrack.320kb.(2005)-ROAR/05 - Glencoe.mp3,4.21,M
Grizzly.man-Soundtrack.320kb.(2005)-ROAR/06 - Parents.mp3,8.11,M
Grizzly.man-Soundtrack.320kb.(2005)-ROAR/07 - Bear swim.mp3,3.06,M
Grizzly.man-Soundtrack.320kb.(2005)-ROAR/08 - Twilight cowboy.mp3,8.91,M
Grizzly.man-Soundtrack.320kb.(2005)-ROAR/09 - The kibosh.mp3,7.94,M
Grizzly.man-Soundtrack.320kb.(2005)-ROAR/10 - Treadwell no more.mp3,14.67,M
Grizzly.man-Soundtrack.320kb.(2005)-ROAR/11 - Teddy bear.mp3,7.87,M
Grizzly.man-Soundtrack.320kb.(2005)-ROAR/12 - Small racket.mp3,9.8,M
Grizzly.man-Soundtrack.320kb.(2005)-ROAR/13 - Streamwalk.mp3,5.89,M
Grizzly.man-Soundtrack.320kb.(2005)-ROAR/14 - Thats my story.mp3,5.28,M
Grizzly.man-Soundtrack.320kb.(2005)-ROAR/15 - Bear fight.mp3,7.14,M
Grizzly.man-Soundtrack.320kb.(2005)-ROAR/16 - Big racket.mp3,9.06,M
Grizzly.man-Soundtrack.320kb.(2005)-ROAR/17 - Corona for mr chocolate.mp3,9.02,M
Grizzly.man-Soundtrack.320kb.(2005)-ROAR/18 - Main title revisited.mp3,9.01,M
Grizzly.man-Soundtrack.320kb.(2005)-ROAR/album-grizzly-man.jpg,38.29,K
Grizzly.man-Soundtrack.320kb.(2005)-ROAR/all_songs.m3u,1.04,K
Grizzly.man-Soundtrack.320kb.(2005)-ROAR/back.jpg,738.02,K
Grizzly.man-Soundtrack.320kb.(2005)-ROAR/Don Edwards - 19 - Coyotes.mp3,10.23,M
Grizzly.man-Soundtrack.320kb.(2005)-ROAR/front.jpg,550.77,K
Grizzly.man-Soundtrack.320kb.(2005)-ROAR/Grizzly.man-Soundtrack.320kb.(2005)-ROAR.nfo,522,B
Grizzly.man-Soundtrack.320kb.(2005)-ROAR/Grizzly.man-Soundtrack.320kb.(2005)-ROAR.sfv,1.79,K
La BO du film The Social Network - par ahcene81.nfo,28.24,K
Red Dead Redemption - Undead Nightmare OST/Red Dead Redemption - Undead Nightmare OST.jpg,26.53,K
Red Dead Redemption - Undead Nightmare OST/Undead Nightmare - OST - 1. Undead Nightmare.mp3,1.07,M
"Red Dead Redemption - Undead Nightmare OST/Undead Nightmare - OST - 10. Blackwater, U.S.A..mp3",4.96,M
Red Dead Redemption - Undead Nightmare OST/Undead Nightmare - OST - 11. Undead Redemption.mp3,1.61,M
Red Dead Redemption - Undead Nightmare OST/Undead Nightmare - OST - 12. Missing Souls.mp3,1.45,M
Red Dead Redemption - Undead Nightmare OST/Undead Nightmare - OST - 13. A Man Ready for Anything.mp3,1.84,M
Red Dead Redemption - Undead Nightmare OST/Undead Nightmare - OST - 14. Showdown At Escalera.mp3,2.55,M
Red Dead Redemption - Undead Nightmare OST/Undead Nightmare - OST - 15. Bad Voodoo.mp3,5,M
Red Dead Redemption - Undead Nightmare OST/Undead Nightmare - OST - 16. Dead Man Walking.mp3,3.59,M
Red Dead Redemption - Undead Nightmare OST/Undead Nightmare - OST - 17. Dead Sled.mp3,2.03,M
Red Dead Redemption - Undead Nightmare OST/Undead Nightmare - OST - 18. Stinkin_' Zombies.mp3,2.97,M
Red Dead Redemption - Undead Nightmare OST/Undead Nightmare - OST - 2. Zombie Corpseplay.mp3,2.7,M
"Red Dead Redemption - Undead Nightmare OST/Undead Nightmare - OST - 3. Get Back In That Hole, Partner.mp3",2.43,M
Red Dead Redemption - Undead Nightmare OST/Undead Nightmare - OST - 4. Army of Undead.mp3,2.24,M
Red Dead Redemption - Undead Nightmare OST/Undead Nightmare - OST - 5. Chupacabra.mp3,3.09,M
Red Dead Redemption - Undead Nightmare OST/Undead Nightmare - OST - 6. Zombie Peyote.mp3,1.6,M
Red Dead Redemption - Undead Nightmare OST/Undead Nightmare - OST - 7. Ojo Muerto.mp3,1.73,M
Red Dead Redemption - Undead Nightmare OST/Undead Nightmare - OST - 8. Blunderbuss Blues.mp3,1.86,M
Red Dead Redemption - Undead Nightmare OST/Undead Nightmare - OST - 9. Four Horses of the Apocalypse.mp3,4.68,M
Red Dead Redemption Original Soundtrack/01 Born Unto Trouble.mp3,6.49,M
Red Dead Redemption Original Soundtrack/02 The Shootist.mp3,8.49,M
Red Dead Redemption Original Soundtrack/03 Dead End Alley.mp3,4.46,M
Red Dead Redemption Original Soundtrack/04 Horseplay.mp3,7.63,M
Red Dead Redemption Original Soundtrack/05 Luz Y Sombra.mp3,10.38,M
Red Dead Redemption Original Soundtrack/06 El Club De Los Cuerpos.mp3,12.37,M
Red Dead Redemption Original Soundtrack/07 Estancia.mp3,4.34,M
Red Dead Redemption Original Soundtrack/08 (Theme From) Red Dead Redemption.mp3,10.97,M
Red Dead Redemption Original Soundtrack/09 Triggernometry.mp3,10.52,M
Red Dead Redemption Original Soundtrack/10 Gunplay.mp3,3.29,M
Red Dead Redemption Original Soundtrack/11 Redemption In Dub.mp3,4.57,M
Red Dead Redemption Original Soundtrack/12 Muertos Rojos (aka The Gunslinger.mp3,11.35,M
Red Dead Redemption Original Soundtrack/13 The Outlaw's Return.mp3,13.29,M
Red Dead Redemption Original Soundtrack/14 Exodus In America.mp3,9.77,M
Red Dead Redemption Original Soundtrack/15 Already Dead.mp3,3.4,M
Red Dead Redemption Original Soundtrack/16 Far Away.mp3,9.18,M
Red Dead Redemption Original Soundtrack/17 Compass (Red Dead on Arrival Vers.mp3,6.09,M
Red Dead Redemption Original Soundtrack/18 Deadman's Gun.mp3,8.43,M
Red Dead Redemption Original Soundtrack/19 Bury Me Not On The Lone Prairie.mp3,5.02,M
TSNetworkimagesdtrk,39.4,K
