MICROSOFT.WINDOWS.8.ENTERPRISE.RTM.X86.VOLUME.ENGLISH.DVD-WZT
BUILD: 6.2.9200.16384.WIN8_RTM.120725-1247
FILE: 9200.16384.120725-1247_x86frev_Enterprise_VL_HRM_CENA_X86FREV_EN-US_DVD.iso
SIZE: 2,551,154,688 byte
SHA-1: 15CE0B54557B0EC6376ACBBF76E33714FFC3A632
MD5: 5BC27DBAD05D0D40869CD03634FFAABC
CRC: 8F5F944A
NOTE: this is original M$ image.
by W.Z.T
8|3|12