Title,Type,Files,Size,IMDB,Spoken Languages,Texted Languages,Tags,Quality (+),Quality (-),Uploaded,By,User Type,Seeders,Leechers,Info Hash,Picture,Capture Date
Iron Sky [shadrip],201,1,684.06 MiB (717291329 Bytes),,"English, German",English,"""iron sky"",""shadrip"",""funny""",0,0,2012-06-03T01:33:40Z,shadrips,,1,1,7B4E62C83D99F57F490227C2F009D2F6AFBD1E3D,,2012-09-22T21:46:48Z
