Filename,Size,Unit
What to Expect When You're Expecting (2012) DVDRip CD1 [GlowGaze.Com].avi,700.5,M
What to Expect When You're Expecting (2012) DVDRip CD2 [GlowGaze.Com].avi,696.49,M
What to Expect When You're Expecting (2012) DVDRip SAMPLE [GlowGaze.Com].avi,14.14,M
What to Expect When You're Expecting [GlowGaze.Com].jpg,128.75,K
What to Expect When You're Expecting (2012) DVDRip CD1 [GlowGaze.Com].English Subtitles.srt,76.43,K
What to Expect When You're Expecting (2012) DVDRip CD2 [GlowGaze.Com].English Subtitles.srt,61.35,K
GlowGaze.Com.txt,117,B
