User Type,Username,Date,Text
,wonderwang,2012-03-10T16:48Z,Gee....more lunatic books written by pedophiles.
