Title,Type,Files,Size,IMDB,Spoken Languages,Texted Languages,Tags,Quality (+),Quality (-),Uploaded,By,User Type,Seeders,Leechers,Info Hash,Picture,Capture Date
CheatingWhoreWives - Claudia Valentine - A Lover For Pleasure HD,505,2,1.04 GiB (1117075266 Bytes),,,,,0,0,2012-07-18T21:27:05Z,irealu69,,1,3,BE4AC762F0FBBE12F29D573192208BC95FD270C4,http://image.bayimg.com/eaahaaaec.jpg,2012-09-19T21:37:59Z
