Title,Type,Files,Size,IMDB,Spoken Languages,Texted Languages,Tags,Quality (+),Quality (-),Uploaded,By,User Type,Seeders,Leechers,Info Hash,Picture,Capture Date
MILF Kabob (2012),501,1,1.96 GiB (2103270054 Bytes),,English,,,0,0,2012-11-15T19:26:55Z,webchella,[V],57,119,7DF0C0097D94CE8E2154ED88FB54B62725D0B054,http://image.bayimg.com/69664ceb2291c039ee8c48665c235cee659226c0.jpg,2012-12-02T03:35:30Z
