Filename,Size,Unit
Cover.jpg,131.19,K
New Scientist.pdf,59.02,M
Torrent downloaded from 1337x.org.txt,37,B
Torrent downloaded from AhaShare.com.txt,55,B
Torrent downloaded from ThePirateBay.se.txt,46,B
