Title,Type,Files,Size,IMDB,Spoken Languages,Texted Languages,Tags,Quality (+),Quality (-),Uploaded,By,User Type,Seeders,Leechers,Info Hash,Picture,Capture Date
Super Hot Blonde Fucks Doggystyle On the Sofa With Titty Cumshot,506,1,49.06 MiB (51447637 Bytes),,,,"""amateur homemade hot doggystyl""",1,0,2012-11-20T14:45:31Z,mrdrake96,[T],6,2,3CE919C99E5398F1B4C28BE710B6F3CB3C46D865,,2012-12-02T17:21:24Z
