Title,Type,Files,Size,IMDB,Spoken Languages,Texted Languages,Tags,Quality (+),Quality (-),Uploaded,By,User Type,Seeders,Leechers,Info Hash,Picture,Capture Date
Office 2003 - all 5 disks - No crack needed - automatic product ,301,524,1.03 GiB (1110418365 Bytes),,,,"""office"",""2003"",""activation"",""free"",""disks"",""TPBsince1998""",0,0,2012-05-17T10:15:58Z,TPBsince1998,,3,1,91E7789DC4B93075F3AEEB0FA2D7FCD0501BB1EB,http://image.bayimg.com/paoadaadk.jpg,2012-09-24T00:29:42Z
