Title,Type,Files,Size,IMDB,Spoken Languages,Texted Languages,Tags,Quality (+),Quality (-),Uploaded,By,User Type,Seeders,Leechers,Info Hash,Picture,Capture Date
Moss - Ornaments (2012) DutchReleaseTeam,199,17,93.38 MiB (97911102 Bytes),,,,"""Moss"",""DutchReleaseTeam""",1,0,2012-03-17T17:35:03Z,Ariclenes,[V],5,0,6E4AC194AD6DAED246A88A6F4C5F67F3BA1C2DF5,http://image.bayimg.com/gagogaadi.jpg,2012-09-28T00:46:07Z
