Title,Type,Files,Size,IMDB,Spoken Languages,Texted Languages,Tags,Quality (+),Quality (-),Uploaded,By,User Type,Seeders,Leechers,Info Hash,Picture,Capture Date
Ella Milano - Brazzers 480p,501,1,272.39 MiB (285616633 Bytes),,English,English,"""Ella Milano"",""Ella"",""Milano"",""Brazzers""",0,1,2012-11-12T08:41:52Z,etteyog,,2,9,9B13DB2B02DFE1867488B464267F5F82078D707C,,2012-12-01T14:00:03Z
