Filename,Size,Unit
veroia-PAOK.mkv,743.7,M
