Filename,Size,Unit
My Friend's Hot Mom 4.mkv,1.87,G
