Filename,Size,Unit
Prometeus[3 D-SBS][inaki][Lokotorretns.com].avi,1.95,G
