Filename,Size,Unit
049_RobinCostume_Patio.zip,392.97,M
