Filename,Size,Unit
GW_-_How_To_Make_Wargames_Terrain_2nd_Edition.pdf,21.77,M
