Filename,Size,Unit
Mad Sex Party Pool Party Pussy Eaters.avi,699.84,M
www.hachazo.li - leeme READ ME.txt,229,B
