Title,Type,Files,Size,IMDB,Spoken Languages,Texted Languages,Tags,Quality (+),Quality (-),Uploaded,By,User Type,Seeders,Leechers,Info Hash,Picture,Capture Date
What Really Happened - 2012 Sep 20 TH [sebaygo1],199,10,29.92 MiB (31369346 Bytes),,,,"""what really happened"",""mike rivero"",""michael rivero""",0,0,2012-09-20T23:42:04Z,sebaygo1,[T],3,1,7CB9F41CCAC5873640A0CE97167E4ADCC7D46204,,2012-10-04T12:10:27Z
