Filename,Size,Unit
BBC2 Landward  11-05-12.avi,278.47,M
