User Type,Username,Date,Text
,beardybeast,2012-07-13T22:43Z,"Please, seed"
