Title,Type,Files,Size,IMDB,Spoken Languages,Texted Languages,Tags,Quality (+),Quality (-),Uploaded,By,User Type,Seeders,Leechers,Info Hash,Picture,Capture Date
[Brazzers] Nikki Benz - Famous Anus.XXX,501,1,719.47 MiB (754418106 Bytes),,,,"""Nikki Benz anal blowjob""",3,0,2012-10-07T17:23:52Z,Nestbam,,0,21,0E2BE41E597E109A8865E1F6E47B7558F738EC5B,,2012-11-24T21:03:36Z
