Filename,Size,Unit
A Kiss and a Promise (2010) 720p BRrip_sujaidr.mkv,660.06,M
A Kiss and a Promise (2010) 720p BRrip_sujaidr_sample.mkv,9.48,M
poster a kis.jpg,86.67,K
sujaidr.txt,166,B
Torrent downloaded from AhaShare.com.txt,59,B
Torrent Downloaded from SilverTorrents.me.txt,41,B
Torrent Downloaded From ExtraTorrent.com.txt,40,B
Torrent Downloaded from Torrentmafia.in.txt,39,B
