Title,Type,Files,Size,IMDB,Spoken Languages,Texted Languages,Tags,Quality (+),Quality (-),Uploaded,By,User Type,Seeders,Leechers,Info Hash,Picture,Capture Date
Tiesto - Club Life 285 (16-09-2012),101,1,211.6 MiB (221881321 Bytes),,,,,0,0,2012-09-17T22:57:49Z,mika7272,,15,0,457BCA1E2C118B7E257130FE6F28622006D3A92F,,2012-10-04T06:54:01Z
