User Type,Username,Date,Text
,ssslaaark,2012-03-13T18:55Z,Tack Anonymous
