Filename,Size,Unit
Boris_Apsen-Repetetorij_vise_matematike_1.pdf,6.1,M
