Title,Type,Files,Size,IMDB,Spoken Languages,Texted Languages,Tags,Quality (+),Quality (-),Uploaded,By,User Type,Seeders,Leechers,Info Hash,Picture,Capture Date
ts4488 - Jessica & Dorian.wmv,506,1,282.84 MiB (296581044 Bytes),,,,,0,0,2012-03-30T09:36:05Z,dodgerblue,[T],1,0,CF8E339EE1BD24051F2F74A9333BFE6ECF094E06,,2012-09-27T03:33:15Z
