User Type,Username,Date,Text
,de.spijker,2012-02-25T18:09Z,thx nl upper.
