Title,Type,Files,Size,IMDB,Spoken Languages,Texted Languages,Tags,Quality (+),Quality (-),Uploaded,By,User Type,Seeders,Leechers,Info Hash,Picture,Capture Date
Huge Black Cock Stretching White Pussy 13,505,20,695.69 MiB (729482205 Bytes),,,,"""huge"",""hung"",""interracial""",1,0,2012-12-27T19:10:19Z,xxartist,,9,5,133152DB73DE21B137BD7DD3A22E55CAD33FE1D5,http://image.bayimg.com/2ecd32d2f473daceb2ee74899b33c4cd22af379b.jpg,2013-01-11T00:00:52Z
