Filename,Size,Unit
Firefly - Season 1 Episode 01 - Serenity Pilot.Ttlk.cz_arc.avi,760.81,M
Firefly - Season 1 Episode 02 - The Train Job.Ttlk.cz_arc.avi,383.43,M
Firefly - Season 1 Episode 03 - Bushwhacked.Ttlk.cz_arc.avi,341.41,M
Firefly - Season 1 Episode 04 - Shindig.Ttlk.cz_arc.avi,382.41,M
Firefly - Season 1 Episode 05 - Safe.Ttlk.cz_arc.avi,382.43,M
Firefly - Season 1 Episode 06 - Our Mrs Reynolds.Ttlk.cz_arc.avi,387.41,M
Firefly - Season 1 Episode 07 - Jaynestown.Ttlk.cz_arc.avi,384.41,M
Firefly - Season 1 Episode 08 - Out of Gas.Ttlk.cz_arc.avi,384.41,M
Firefly - Season 1 Episode 09 - Ariel.Ttlk.cz_arc.avi,381.42,M
Firefly - Season 1 Episode 10 - War Stories.Ttlk.cz_arc.avi,380.42,M
Firefly - Season 1 Episode 11 - Trash.Ttlk.cz_arc.avi,385.41,M
Firefly - Season 1 Episode 12 - The Message.Ttlk.cz_arc.avi,389.42,M
Firefly - Season 1 Episode 13 - Heart of Gold.Ttlk.cz_arc.avi,385.43,M
Firefly - Season 1 Episode 14 - Objects in Space.Ttlk.cz_arc.avi,380.41,M
Serenity.DVDrip.cz.dub.Sci-fi.DobrodruÅ¾nÃ½.AkÄnÃ½.USA.2005.avi,988.14,M
