Filename,Size,Unit
btis_brandi_diamond_jewels_kendra_1080p_12000.mp4,3.61,G
