Filename,Size,Unit
HERMANS.KUNGAR-Disk3-JOHAN.III.2007.DVDrip.Swedish.XviD.AC3-Mr_KeFF.avi,856.2,M
HERMANS.KUNGAR-Disk3-JOHAN.III.2007.DVDrip.Swedish.XviD.AC3-Mr_KeFF.jpg,67.66,K
KeFF-INFO.txt,2.37,K
