Filename,Size,Unit
Universal XP Driver Pack_baixebr.iso,1.49,G
