Filename,Size,Unit
National.Geographic.Pyramids.Of.Death.2005.DVDRip.XviD-VoMiT.avi,347.91,M
READ this before playing the Movie.txt,605,B
Sample/vmt-ngpyramidsofdeath.avi,4.35,M
vmt-ngpyramidsofdeath.nfo,974,B
www.Torrenting.com.txt,605,B
