Filename,Size,Unit
Manga Watcher v0.6.4 Final By bobiras2009.apk,5.65,M
