User Type,Username,Date,Text
,p002830,2012-02-16T09:59Z,http://www.imdb.com/title/tt1637688/
,JeanRenoirJR,2012-02-21T00:21Z,Great UL 100% Thank you Squabee. /JR
