Filename,Size,Unit
pos10829_800.mp4,346.16,M
