User Type,Username,Date,Text
,werld,2012-05-20T01:04Z,Tnx =]
