Filename,Size,Unit
anal-supremacy-3-scene1.avi,345.35,M
anal-supremacy-3-scene2.avi,328.84,M
anal-supremacy-3-scene3.avi,190.48,M
anal-supremacy-3-scene4.avi,254.8,M
anal-supremacy-3-scene5.avi,328.59,M
