Filename,Size,Unit
Los Tres Chiflados [dvdrip][spanish][www.lokotorrents.com].avi,1.34,G
