Title,Type,Files,Size,IMDB,Spoken Languages,Texted Languages,Tags,Quality (+),Quality (-),Uploaded,By,User Type,Seeders,Leechers,Info Hash,Picture,Capture Date
Orgasms - Veronika B - Adore Me HD 1080p,505,1,1.2 GiB (1293804685 Bytes),,,,"""Orgasms"",""Veronika B""",0,0,2012-08-28T14:27:35Z,irealu69,,7,7,DFFBD78FC41719C588FC294ED79A4CDAA9A7C77C,http://image.bayimg.com/labckaaek.jpg,2012-09-16T10:20:16Z
