Title,Type,Files,Size,IMDB,Spoken Languages,Texted Languages,Tags,Quality (+),Quality (-),Uploaded,By,User Type,Seeders,Leechers,Info Hash,Picture,Capture Date
Melisa Mendiny Windows 7 Theme @ 1366x768 pixels resolution,301,1,4.48 MiB (4701025 Bytes),,,,"""Melisa Mendiny"",""Windows 7 Theme"",""Theme"",""tpk"",""Erotic"",""Images"",""Photography"",""Women"",""Nude"",""Star""",0,2,2012-10-28T17:51:44Z,31Romulus,,3,0,B5ED6AA7FDE2C96951C8CCBBB93BA33E15ED5121,,2012-11-26T20:32:34Z
