Filename,Size,Unit
mlib_jennifer_best_272p_650_mobile.mp4,172.88,M
