Title,Type,Files,Size,IMDB,Spoken Languages,Texted Languages,Tags,Quality (+),Quality (-),Uploaded,By,User Type,Seeders,Leechers,Info Hash,Picture,Capture Date
Trollied.S02.Behind.The.Scenes.HDTV.XviD-AFG,205,4,184.5 MiB (193464413 Bytes),,,,,0,0,2012-11-23T03:33:12Z,TvTeam,[V],10,2,531B581924D6F2F75D207406B60AC6A4A21EF453,,2012-12-03T00:24:37Z
