Title,Type,Files,Size,IMDB,Spoken Languages,Texted Languages,Tags,Quality (+),Quality (-),Uploaded,By,User Type,Seeders,Leechers,Info Hash,Picture,Capture Date
BBC History UK – May 2012 (gnv64),601,2,36.51 MiB (38281020 Bytes),,,English,"""BBC History UK – May 2012 (g""",0,0,2012-04-20T10:45:39Z,gnv65,[V],15,1,5E0E5393E6FC2B30B7D659CD796FA77A0C271BED,http://image.bayimg.com/aaogcaadc.jpg,2012-09-25T15:26:29Z
