User Type,Username,Date,Text
[V],hiest,2012-09-18T08:53Z,Full Credits To : SkNH3D23 (KiNGDOM)
,sahilrox,2012-09-19T20:38Z,Thanks mate.
,rupelto,2012-09-27T01:48Z,"Thank you
 v:10
A:10
m:9"
