Title,Type,Files,Size,IMDB,Spoken Languages,Texted Languages,Tags,Quality (+),Quality (-),Uploaded,By,User Type,Seeders,Leechers,Info Hash,Picture,Capture Date
National.Geographic.Banged.Up.Abroad.Hasidic.King.of.Coke.HDTV.X,205,4,378.5 MiB (396885653 Bytes),,,,,0,0,2012-10-11T01:26:12Z,scenebalance,,0,8,82464CD6AE2A371326A5F148886D10E4D2D5207F,,2012-11-25T11:17:50Z
