Filename,Size,Unit
212340 - Alicia Gallery 796 scary hairy/ali073WBP_212340001.jpg,312.3,K
212340 - Alicia Gallery 796 scary hairy/ali073WBP_212340002.jpg,323.73,K
212340 - Alicia Gallery 796 scary hairy/ali073WBP_212340003.jpg,307.31,K
212340 - Alicia Gallery 796 scary hairy/ali073WBP_212340004.jpg,330.94,K
212340 - Alicia Gallery 796 scary hairy/ali073WBP_212340005.jpg,338.62,K
212340 - Alicia Gallery 796 scary hairy/ali073WBP_212340006.jpg,324.27,K
212340 - Alicia Gallery 796 scary hairy/ali073WBP_212340007.jpg,308.68,K
212340 - Alicia Gallery 796 scary hairy/ali073WBP_212340008.jpg,287.54,K
212340 - Alicia Gallery 796 scary hairy/ali073WBP_212340009.jpg,276.47,K
212340 - Alicia Gallery 796 scary hairy/ali073WBP_212340010.jpg,270.93,K
212340 - Alicia Gallery 796 scary hairy/ali073WBP_212340011.jpg,260.13,K
212340 - Alicia Gallery 796 scary hairy/ali073WBP_212340012.jpg,269.49,K
212340 - Alicia Gallery 796 scary hairy/ali073WBP_212340013.jpg,249.69,K
212340 - Alicia Gallery 796 scary hairy/ali073WBP_212340014.jpg,262.69,K
212340 - Alicia Gallery 796 scary hairy/ali073WBP_212340015.jpg,231.41,K
212340 - Alicia Gallery 796 scary hairy/ali073WBP_212340016.jpg,192.71,K
212340 - Alicia Gallery 796 scary hairy/ali073WBP_212340017.jpg,214.21,K
212340 - Alicia Gallery 796 scary hairy/ali073WBP_212340018.jpg,190.13,K
212340 - Alicia Gallery 796 scary hairy/ali073WBP_212340019.jpg,211.09,K
212340 - Alicia Gallery 796 scary hairy/ali073WBP_212340020.jpg,210.07,K
212340 - Alicia Gallery 796 scary hairy/ali073WBP_212340021.jpg,278,K
212340 - Alicia Gallery 796 scary hairy/ali073WBP_212340022.jpg,274.26,K
212340 - Alicia Gallery 796 scary hairy/ali073WBP_212340023.jpg,264.88,K
212340 - Alicia Gallery 796 scary hairy/ali073WBP_212340024.jpg,203.47,K
212340 - Alicia Gallery 796 scary hairy/ali073WBP_212340025.jpg,192.4,K
212340 - Alicia Gallery 796 scary hairy/ali073WBP_212340026.jpg,215.29,K
212340 - Alicia Gallery 796 scary hairy/ali073WBP_212340027.jpg,216,K
212340 - Alicia Gallery 796 scary hairy/ali073WBP_212340028.jpg,198.49,K
212340 - Alicia Gallery 796 scary hairy/ali073WBP_212340029.jpg,197.27,K
212340 - Alicia Gallery 796 scary hairy/ali073WBP_212340030.jpg,220.93,K
212340 - Alicia Gallery 796 scary hairy/ali073WBP_212340031.jpg,207.29,K
212340 - Alicia Gallery 796 scary hairy/ali073WBP_212340032.jpg,217.91,K
212340 - Alicia Gallery 796 scary hairy/ali073WBP_212340033.jpg,233.75,K
212340 - Alicia Gallery 796 scary hairy/ali073WBP_212340034.jpg,231.58,K
212340 - Alicia Gallery 796 scary hairy/ali073WBP_212340035.jpg,207.07,K
212340 - Alicia Gallery 796 scary hairy/ali073WBP_212340036.jpg,204.97,K
212340 - Alicia Gallery 796 scary hairy/ali073WBP_212340037.jpg,227.03,K
212340 - Alicia Gallery 796 scary hairy/ali073WBP_212340038.jpg,223.32,K
212340 - Alicia Gallery 796 scary hairy/ali073WBP_212340039.jpg,223.95,K
212340 - Alicia Gallery 796 scary hairy/ali073WBP_212340040.jpg,222.5,K
212340 - Alicia Gallery 796 scary hairy/ali073WBP_212340041.jpg,214.72,K
212340 - Alicia Gallery 796 scary hairy/ali073WBP_212340042.jpg,222.46,K
212340 - Alicia Gallery 796 scary hairy/ali073WBP_212340043.jpg,231.98,K
212340 - Alicia Gallery 796 scary hairy/ali073WBP_212340044.jpg,212.1,K
212340 - Alicia Gallery 796 scary hairy/ali073WBP_212340045.jpg,226.1,K
212340 - Alicia Gallery 796 scary hairy/ali073WBP_212340046.jpg,238.36,K
212340 - Alicia Gallery 796 scary hairy/ali073WBP_212340047.jpg,241.53,K
212340 - Alicia Gallery 796 scary hairy/ali073WBP_212340048.jpg,219.91,K
212340 - Alicia Gallery 796 scary hairy/ali073WBP_212340049.jpg,228.3,K
212340 - Alicia Gallery 796 scary hairy/ali073WBP_212340050.jpg,294.99,K
212340 - Alicia Gallery 796 scary hairy/ali073WBP_212340051.jpg,240.25,K
212340 - Alicia Gallery 796 scary hairy/ali073WBP_212340052.jpg,237.67,K
212340 - Alicia Gallery 796 scary hairy/ali073WBP_212340053.jpg,292.48,K
212340 - Alicia Gallery 796 scary hairy/ali073WBP_212340054.jpg,222.85,K
212340 - Alicia Gallery 796 scary hairy/ali073WBP_212340055.jpg,215.29,K
212340 - Alicia Gallery 796 scary hairy/ali073WBP_212340056.jpg,208,K
212340 - Alicia Gallery 796 scary hairy/ali073WBP_212340057.jpg,208.15,K
212340 - Alicia Gallery 796 scary hairy/ali073WBP_212340058.jpg,216.73,K
212340 - Alicia Gallery 796 scary hairy/ali073WBP_212340059.jpg,226.65,K
212340 - Alicia Gallery 796 scary hairy/ali073WBP_212340060.jpg,207.88,K
212340 - Alicia Gallery 796 scary hairy/ali073WBP_212340061.jpg,213.25,K
212340 - Alicia Gallery 796 scary hairy/ali073WBP_212340062.jpg,259.35,K
212340 - Alicia Gallery 796 scary hairy/ali073WBP_212340063.jpg,233.63,K
212340 - Alicia Gallery 796 scary hairy/ali073WBP_212340064.jpg,295.23,K
212340 - Alicia Gallery 796 scary hairy/ali073WBP_212340065.jpg,209.68,K
212340 - Alicia Gallery 796 scary hairy/ali073WBP_212340066.jpg,226.02,K
212340 - Alicia Gallery 796 scary hairy/ali073WBP_212340067.jpg,217.67,K
212340 - Alicia Gallery 796 scary hairy/ali073WBP_212340068.jpg,227.27,K
212340 - Alicia Gallery 796 scary hairy/ali073WBP_212340069.jpg,223.25,K
212340 - Alicia Gallery 796 scary hairy/ali073WBP_212340070.jpg,218.78,K
212340 - Alicia Gallery 796 scary hairy/ali073WBP_212340071.jpg,201.82,K
212340 - Alicia Gallery 796 scary hairy/ali073WBP_212340072.jpg,271.04,K
212340 - Alicia Gallery 796 scary hairy/ali073WBP_212340073.jpg,237.38,K
212340 - Alicia Gallery 796 scary hairy/ali073WBP_212340074.jpg,238.33,K
212340 - Alicia Gallery 796 scary hairy/ali073WBP_212340075.jpg,243.9,K
212340 - Alicia Gallery 796 scary hairy/ali073WBP_212340076.jpg,230.76,K
212340 - Alicia Gallery 796 scary hairy/ali073WBP_212340077.jpg,217.42,K
212340 - Alicia Gallery 796 scary hairy/ali073WBP_212340078.jpg,255.3,K
212340 - Alicia Gallery 796 scary hairy/ali073WBP_212340079.jpg,267.57,K
212340 - Alicia Gallery 796 scary hairy/ali073WBP_212340080.jpg,228.99,K
212340 - Alicia Gallery 796 scary hairy/ali073WBP_212340081.jpg,232.75,K
212340 - Alicia Gallery 796 scary hairy/ali073WBP_212340082.jpg,216.82,K
212340 - Alicia Gallery 796 scary hairy/ali073WBP_212340083.jpg,253.78,K
212340 - Alicia Gallery 796 scary hairy/ali073WBP_212340084.jpg,286.74,K
212340 - Alicia Gallery 796 scary hairy/ali073WBP_212340085.jpg,269.16,K
212340 - Alicia Gallery 796 scary hairy/ali073WBP_212340086.jpg,319.52,K
212340 - Alicia Gallery 796 scary hairy/ali073WBP_212340087.jpg,204.53,K
212340 - Alicia Gallery 796 scary hairy/ali073WBP_212340088.jpg,301.82,K
212340 - Alicia Gallery 796 scary hairy/ali073WBP_212340089.jpg,215.7,K
212340 - Alicia Gallery 796 scary hairy/ali073WBP_212340090.jpg,276.48,K
212340 - Alicia Gallery 796 scary hairy/ali073WBP_212340091.jpg,285.83,K
212340 - Alicia Gallery 796 scary hairy/ali073WBP_212340092.jpg,222.08,K
212340 - Alicia Gallery 796 scary hairy/ali073WBP_212340093.jpg,220.47,K
212340 - Alicia Gallery 796 scary hairy/ali073WBP_212340094.jpg,304.4,K
212340 - Alicia Gallery 796 scary hairy/ali073WBP_212340095.jpg,318.13,K
212340 - Alicia Gallery 796 scary hairy/ali073WBP_212340096.jpg,283.88,K
212340 - Alicia Gallery 796 scary hairy/ali073WBP_212340097.jpg,296.41,K
212340 - Alicia Gallery 796 scary hairy/ali073WBP_212340098.jpg,261.34,K
212340 - Alicia Gallery 796 scary hairy/ali073WBP_212340099.jpg,256.94,K
212340 - Alicia Gallery 796 scary hairy/ali073WBP_212340100.jpg,214.87,K
212340 - Alicia Gallery 796 scary hairy/ali073WBP_212340101.jpg,208.21,K
212340 - Alicia Gallery 796 scary hairy/ali073WBP_212340102.jpg,218.01,K
212340 - Alicia Gallery 796 scary hairy/ali073WBP_212340103.jpg,222.16,K
212340 - Alicia Gallery 796 scary hairy/ali073WBP_212340104.jpg,262.82,K
212340 - Alicia Gallery 796 scary hairy/ali073WBP_212340105.jpg,268.42,K
212340 - Alicia Gallery 796 scary hairy/ali073WBP_212340106.jpg,295.83,K
212340 - Alicia Gallery 796 scary hairy/ali073WBP_212340107.jpg,264.43,K
212340 - Alicia Gallery 796 scary hairy/ali073WBP_212340108.jpg,321.3,K
212340 - Alicia Gallery 796 scary hairy/ali073WBP_212340109.jpg,260.35,K
212340 - Alicia Gallery 796 scary hairy/ali073WBP_212340110.jpg,251.74,K
212340 - Alicia Gallery 796 scary hairy/ali073WBP_212340111.jpg,297.16,K
212340 - Alicia Gallery 796 scary hairy/ali073WBP_212340112.jpg,297.07,K
212340 - Alicia Gallery 796 scary hairy/ali073WBP_212340113.jpg,280.17,K
212340 - Alicia Gallery 796 scary hairy/ali073WBP_212340114.jpg,304.94,K
212340 - Alicia Gallery 796 scary hairy/ali073WBP_212340115.jpg,302.51,K
212340 - Alicia Gallery 796 scary hairy/ali073WBP_212340116.jpg,212.59,K
212340 - Alicia Gallery 796 scary hairy/ali073WBP_212340117.jpg,219.85,K
212340 - Alicia Gallery 796 scary hairy/ali073WBP_212340118.jpg,227.33,K
212340 - Alicia Gallery 796 scary hairy/ali073WBP_212340119.jpg,206.35,K
212340 - Alicia Gallery 796 scary hairy/ali073WBP_212340120.jpg,227.63,K
212438 - Alicia Gallery 797 scary hairy/ali073WBP_212438001.jpg,483.19,K
212438 - Alicia Gallery 797 scary hairy/ali073WBP_212438002.jpg,506.02,K
212438 - Alicia Gallery 797 scary hairy/ali073WBP_212438003.jpg,490.66,K
212438 - Alicia Gallery 797 scary hairy/ali073WBP_212438004.jpg,516.43,K
212438 - Alicia Gallery 797 scary hairy/ali073WBP_212438005.jpg,408.28,K
212438 - Alicia Gallery 797 scary hairy/ali073WBP_212438006.jpg,384.71,K
212438 - Alicia Gallery 797 scary hairy/ali073WBP_212438007.jpg,365.97,K
212438 - Alicia Gallery 797 scary hairy/ali073WBP_212438008.jpg,456.72,K
212438 - Alicia Gallery 797 scary hairy/ali073WBP_212438009.jpg,497.18,K
212438 - Alicia Gallery 797 scary hairy/ali073WBP_212438010.jpg,419.15,K
212438 - Alicia Gallery 797 scary hairy/ali073WBP_212438011.jpg,446.13,K
212438 - Alicia Gallery 797 scary hairy/ali073WBP_212438012.jpg,469.66,K
212438 - Alicia Gallery 797 scary hairy/ali073WBP_212438013.jpg,495.57,K
212438 - Alicia Gallery 797 scary hairy/ali073WBP_212438014.jpg,455.96,K
212438 - Alicia Gallery 797 scary hairy/ali073WBP_212438015.jpg,397.93,K
212438 - Alicia Gallery 797 scary hairy/ali073WBP_212438016.jpg,432.26,K
212438 - Alicia Gallery 797 scary hairy/ali073WBP_212438017.jpg,383.09,K
212438 - Alicia Gallery 797 scary hairy/ali073WBP_212438018.jpg,375.54,K
212438 - Alicia Gallery 797 scary hairy/ali073WBP_212438019.jpg,426.54,K
212438 - Alicia Gallery 797 scary hairy/ali073WBP_212438020.jpg,441.39,K
212438 - Alicia Gallery 797 scary hairy/ali073WBP_212438021.jpg,439.13,K
212438 - Alicia Gallery 797 scary hairy/ali073WBP_212438022.jpg,266.32,K
212438 - Alicia Gallery 797 scary hairy/ali073WBP_212438023.jpg,312.71,K
212438 - Alicia Gallery 797 scary hairy/ali073WBP_212438024.jpg,289.25,K
212438 - Alicia Gallery 797 scary hairy/ali073WBP_212438025.jpg,387.82,K
212438 - Alicia Gallery 797 scary hairy/ali073WBP_212438026.jpg,366.56,K
212438 - Alicia Gallery 797 scary hairy/ali073WBP_212438027.jpg,426.3,K
212438 - Alicia Gallery 797 scary hairy/ali073WBP_212438028.jpg,403.45,K
212438 - Alicia Gallery 797 scary hairy/ali073WBP_212438029.jpg,404.74,K
212438 - Alicia Gallery 797 scary hairy/ali073WBP_212438030.jpg,372.06,K
212438 - Alicia Gallery 797 scary hairy/ali073WBP_212438031.jpg,387.51,K
212438 - Alicia Gallery 797 scary hairy/ali073WBP_212438032.jpg,300.28,K
212438 - Alicia Gallery 797 scary hairy/ali073WBP_212438033.jpg,283.03,K
212438 - Alicia Gallery 797 scary hairy/ali073WBP_212438034.jpg,391.66,K
212438 - Alicia Gallery 797 scary hairy/ali073WBP_212438035.jpg,349.94,K
212438 - Alicia Gallery 797 scary hairy/ali073WBP_212438036.jpg,333.58,K
212438 - Alicia Gallery 797 scary hairy/ali073WBP_212438037.jpg,295.12,K
212438 - Alicia Gallery 797 scary hairy/ali073WBP_212438038.jpg,349.68,K
212438 - Alicia Gallery 797 scary hairy/ali073WBP_212438039.jpg,321.88,K
212438 - Alicia Gallery 797 scary hairy/ali073WBP_212438040.jpg,335.25,K
212438 - Alicia Gallery 797 scary hairy/ali073WBP_212438041.jpg,382.45,K
212438 - Alicia Gallery 797 scary hairy/ali073WBP_212438042.jpg,394.06,K
212438 - Alicia Gallery 797 scary hairy/ali073WBP_212438043.jpg,290.93,K
212438 - Alicia Gallery 797 scary hairy/ali073WBP_212438044.jpg,404.85,K
212438 - Alicia Gallery 797 scary hairy/ali073WBP_212438045.jpg,384.33,K
212438 - Alicia Gallery 797 scary hairy/ali073WBP_212438046.jpg,451.43,K
212438 - Alicia Gallery 797 scary hairy/ali073WBP_212438047.jpg,366.17,K
212438 - Alicia Gallery 797 scary hairy/ali073WBP_212438048.jpg,350.35,K
212438 - Alicia Gallery 797 scary hairy/ali073WBP_212438049.jpg,323.32,K
212438 - Alicia Gallery 797 scary hairy/ali073WBP_212438050.jpg,371.53,K
212438 - Alicia Gallery 797 scary hairy/ali073WBP_212438051.jpg,389.69,K
212438 - Alicia Gallery 797 scary hairy/ali073WBP_212438052.jpg,391.29,K
212438 - Alicia Gallery 797 scary hairy/ali073WBP_212438053.jpg,390.53,K
212438 - Alicia Gallery 797 scary hairy/ali073WBP_212438054.jpg,351.3,K
212438 - Alicia Gallery 797 scary hairy/ali073WBP_212438055.jpg,398.64,K
212438 - Alicia Gallery 797 scary hairy/ali073WBP_212438056.jpg,426.5,K
212438 - Alicia Gallery 797 scary hairy/ali073WBP_212438057.jpg,470.75,K
212438 - Alicia Gallery 797 scary hairy/ali073WBP_212438058.jpg,387.33,K
212438 - Alicia Gallery 797 scary hairy/ali073WBP_212438059.jpg,454.7,K
212438 - Alicia Gallery 797 scary hairy/ali073WBP_212438060.jpg,374.93,K
212438 - Alicia Gallery 797 scary hairy/ali073WBP_212438061.jpg,417.18,K
212438 - Alicia Gallery 797 scary hairy/ali073WBP_212438062.jpg,396.82,K
212438 - Alicia Gallery 797 scary hairy/ali073WBP_212438063.jpg,387.47,K
212438 - Alicia Gallery 797 scary hairy/ali073WBP_212438064.jpg,398.97,K
212438 - Alicia Gallery 797 scary hairy/ali073WBP_212438065.jpg,427.47,K
212438 - Alicia Gallery 797 scary hairy/ali073WBP_212438066.jpg,388.63,K
212438 - Alicia Gallery 797 scary hairy/ali073WBP_212438067.jpg,422.45,K
212438 - Alicia Gallery 797 scary hairy/ali073WBP_212438068.jpg,388.05,K
212438 - Alicia Gallery 797 scary hairy/ali073WBP_212438069.jpg,416.74,K
212438 - Alicia Gallery 797 scary hairy/ali073WBP_212438070.jpg,437.89,K
212438 - Alicia Gallery 797 scary hairy/ali073WBP_212438071.jpg,378.14,K
212438 - Alicia Gallery 797 scary hairy/ali073WBP_212438072.jpg,367.26,K
212438 - Alicia Gallery 797 scary hairy/ali073WBP_212438073.jpg,338.65,K
212438 - Alicia Gallery 797 scary hairy/ali073WBP_212438074.jpg,356.79,K
212438 - Alicia Gallery 797 scary hairy/ali073WBP_212438075.jpg,312.49,K
212438 - Alicia Gallery 797 scary hairy/ali073WBP_212438076.jpg,313.29,K
212438 - Alicia Gallery 797 scary hairy/ali073WBP_212438077.jpg,332.76,K
212438 - Alicia Gallery 797 scary hairy/ali073WBP_212438078.jpg,354.65,K
212438 - Alicia Gallery 797 scary hairy/ali073WBP_212438079.jpg,339.36,K
212438 - Alicia Gallery 797 scary hairy/ali073WBP_212438080.jpg,343.84,K
212438 - Alicia Gallery 797 scary hairy/ali073WBP_212438081.jpg,338.52,K
212438 - Alicia Gallery 797 scary hairy/ali073WBP_212438082.jpg,332.61,K
212438 - Alicia Gallery 797 scary hairy/ali073WBP_212438083.jpg,215.62,K
212438 - Alicia Gallery 797 scary hairy/ali073WBP_212438084.jpg,228.28,K
212438 - Alicia Gallery 797 scary hairy/ali073WBP_212438085.jpg,278.45,K
212438 - Alicia Gallery 797 scary hairy/ali073WBP_212438086.jpg,296.42,K
212438 - Alicia Gallery 797 scary hairy/ali073WBP_212438087.jpg,219.02,K
212438 - Alicia Gallery 797 scary hairy/ali073WBP_212438088.jpg,289.83,K
212438 - Alicia Gallery 797 scary hairy/ali073WBP_212438089.jpg,298.8,K
212438 - Alicia Gallery 797 scary hairy/ali073WBP_212438090.jpg,330.16,K
212438 - Alicia Gallery 797 scary hairy/ali073WBP_212438091.jpg,375.64,K
212438 - Alicia Gallery 797 scary hairy/ali073WBP_212438092.jpg,381.34,K
212438 - Alicia Gallery 797 scary hairy/ali073WBP_212438093.jpg,370.22,K
212438 - Alicia Gallery 797 scary hairy/ali073WBP_212438094.jpg,283.26,K
212438 - Alicia Gallery 797 scary hairy/ali073WBP_212438095.jpg,345.72,K
212438 - Alicia Gallery 797 scary hairy/ali073WBP_212438096.jpg,364.07,K
212438 - Alicia Gallery 797 scary hairy/ali073WBP_212438097.jpg,364.73,K
212438 - Alicia Gallery 797 scary hairy/ali073WBP_212438098.jpg,413.55,K
212438 - Alicia Gallery 797 scary hairy/ali073WBP_212438099.jpg,203.8,K
212438 - Alicia Gallery 797 scary hairy/ali073WBP_212438100.jpg,260.7,K
212438 - Alicia Gallery 797 scary hairy/ali073WBP_212438101.jpg,279.88,K
212438 - Alicia Gallery 797 scary hairy/ali073WBP_212438102.jpg,294.58,K
212438 - Alicia Gallery 797 scary hairy/ali073WBP_212438103.jpg,273.99,K
212438 - Alicia Gallery 797 scary hairy/ali073WBP_212438104.jpg,287.35,K
212438 - Alicia Gallery 797 scary hairy/ali073WBP_212438105.jpg,338.42,K
212438 - Alicia Gallery 797 scary hairy/ali073WBP_212438106.jpg,311.55,K
212438 - Alicia Gallery 797 scary hairy/ali073WBP_212438107.jpg,323.63,K
212438 - Alicia Gallery 797 scary hairy/ali073WBP_212438108.jpg,320.21,K
212438 - Alicia Gallery 797 scary hairy/ali073WBP_212438109.jpg,322.13,K
212438 - Alicia Gallery 797 scary hairy/ali073WBP_212438110.jpg,438.15,K
212438 - Alicia Gallery 797 scary hairy/ali073WBP_212438111.jpg,440.47,K
212438 - Alicia Gallery 797 scary hairy/ali073WBP_212438112.jpg,257.96,K
212438 - Alicia Gallery 797 scary hairy/ali073WBP_212438113.jpg,277.09,K
212438 - Alicia Gallery 797 scary hairy/ali073WBP_212438114.jpg,280.5,K
212438 - Alicia Gallery 797 scary hairy/ali073WBP_212438115.jpg,376,K
212438 - Alicia Gallery 797 scary hairy/ali073WBP_212438116.jpg,372.93,K
212438 - Alicia Gallery 797 scary hairy/ali073WBP_212438117.jpg,235.29,K
212438 - Alicia Gallery 797 scary hairy/ali073WBP_212438118.jpg,242.96,K
212438 - Alicia Gallery 797 scary hairy/ali073WBP_212438119.jpg,242.54,K
212438 - Alicia Gallery 797 scary hairy/ali073WBP_212438120.jpg,197.24,K
212438 - Alicia Gallery 797 scary hairy/ali073WBP_212438121.jpg,198.63,K
212438 - Alicia Gallery 797 scary hairy/ali073WBP_212438122.jpg,218.08,K
212438 - Alicia Gallery 797 scary hairy/ali073WBP_212438123.jpg,195.78,K
212438 - Alicia Gallery 797 scary hairy/ali073WBP_212438124.jpg,263.16,K
212438 - Alicia Gallery 797 scary hairy/ali073WBP_212438125.jpg,207.09,K
212438 - Alicia Gallery 797 scary hairy/ali073WBP_212438126.jpg,250.31,K
212438 - Alicia Gallery 797 scary hairy/ali073WBP_212438127.jpg,273.55,K
212438 - Alicia Gallery 797 scary hairy/ali073WBP_212438128.jpg,270.94,K
212438 - Alicia Gallery 797 scary hairy/ali073WBP_212438129.jpg,277.31,K
212649 - Alicia Gallery 797 scary hairy/ali073WBP_212649001.jpg,339.36,K
212649 - Alicia Gallery 797 scary hairy/ali073WBP_212649002.jpg,330.83,K
212649 - Alicia Gallery 797 scary hairy/ali073WBP_212649003.jpg,381.58,K
212649 - Alicia Gallery 797 scary hairy/ali073WBP_212649004.jpg,354.85,K
212649 - Alicia Gallery 797 scary hairy/ali073WBP_212649005.jpg,333.84,K
212649 - Alicia Gallery 797 scary hairy/ali073WBP_212649006.jpg,378.93,K
212649 - Alicia Gallery 797 scary hairy/ali073WBP_212649007.jpg,312.56,K
212649 - Alicia Gallery 797 scary hairy/ali073WBP_212649008.jpg,309.24,K
212649 - Alicia Gallery 797 scary hairy/ali073WBP_212649009.jpg,314.45,K
212649 - Alicia Gallery 797 scary hairy/ali073WBP_212649010.jpg,317.29,K
212649 - Alicia Gallery 797 scary hairy/ali073WBP_212649011.jpg,326.65,K
212649 - Alicia Gallery 797 scary hairy/ali073WBP_212649012.jpg,338.04,K
212649 - Alicia Gallery 797 scary hairy/ali073WBP_212649013.jpg,290.17,K
212649 - Alicia Gallery 797 scary hairy/ali073WBP_212649014.jpg,344.46,K
212649 - Alicia Gallery 797 scary hairy/ali073WBP_212649015.jpg,331.78,K
212649 - Alicia Gallery 797 scary hairy/ali073WBP_212649016.jpg,324.57,K
212649 - Alicia Gallery 797 scary hairy/ali073WBP_212649017.jpg,344.35,K
212649 - Alicia Gallery 797 scary hairy/ali073WBP_212649018.jpg,343.92,K
212649 - Alicia Gallery 797 scary hairy/ali073WBP_212649019.jpg,342.44,K
212649 - Alicia Gallery 797 scary hairy/ali073WBP_212649020.jpg,316.66,K
212649 - Alicia Gallery 797 scary hairy/ali073WBP_212649021.jpg,330.55,K
212649 - Alicia Gallery 797 scary hairy/ali073WBP_212649022.jpg,331.64,K
212649 - Alicia Gallery 797 scary hairy/ali073WBP_212649023.jpg,304.79,K
212649 - Alicia Gallery 797 scary hairy/ali073WBP_212649024.jpg,317.36,K
212649 - Alicia Gallery 797 scary hairy/ali073WBP_212649025.jpg,264.58,K
212649 - Alicia Gallery 797 scary hairy/ali073WBP_212649026.jpg,264.72,K
212649 - Alicia Gallery 797 scary hairy/ali073WBP_212649027.jpg,325.92,K
212649 - Alicia Gallery 797 scary hairy/ali073WBP_212649028.jpg,252.28,K
212649 - Alicia Gallery 797 scary hairy/ali073WBP_212649029.jpg,246.75,K
212649 - Alicia Gallery 797 scary hairy/ali073WBP_212649030.jpg,298.91,K
212649 - Alicia Gallery 797 scary hairy/ali073WBP_212649031.jpg,322.11,K
212649 - Alicia Gallery 797 scary hairy/ali073WBP_212649032.jpg,315.72,K
212649 - Alicia Gallery 797 scary hairy/ali073WBP_212649033.jpg,283.75,K
212649 - Alicia Gallery 797 scary hairy/ali073WBP_212649034.jpg,313.02,K
212649 - Alicia Gallery 797 scary hairy/ali073WBP_212649035.jpg,314.27,K
212649 - Alicia Gallery 797 scary hairy/ali073WBP_212649036.jpg,302.86,K
212649 - Alicia Gallery 797 scary hairy/ali073WBP_212649037.jpg,303.57,K
212649 - Alicia Gallery 797 scary hairy/ali073WBP_212649038.jpg,294.63,K
212649 - Alicia Gallery 797 scary hairy/ali073WBP_212649039.jpg,280.46,K
212649 - Alicia Gallery 797 scary hairy/ali073WBP_212649040.jpg,313.15,K
212649 - Alicia Gallery 797 scary hairy/ali073WBP_212649041.jpg,305.47,K
212649 - Alicia Gallery 797 scary hairy/ali073WBP_212649042.jpg,314.9,K
212649 - Alicia Gallery 797 scary hairy/ali073WBP_212649043.jpg,296.93,K
212649 - Alicia Gallery 797 scary hairy/ali073WBP_212649044.jpg,299.56,K
212649 - Alicia Gallery 797 scary hairy/ali073WBP_212649045.jpg,302.37,K
212649 - Alicia Gallery 797 scary hairy/ali073WBP_212649046.jpg,239.49,K
212649 - Alicia Gallery 797 scary hairy/ali073WBP_212649047.jpg,267,K
212649 - Alicia Gallery 797 scary hairy/ali073WBP_212649048.jpg,285.64,K
212649 - Alicia Gallery 797 scary hairy/ali073WBP_212649049.jpg,271.6,K
212649 - Alicia Gallery 797 scary hairy/ali073WBP_212649050.jpg,254.88,K
212649 - Alicia Gallery 797 scary hairy/ali073WBP_212649051.jpg,269.71,K
212649 - Alicia Gallery 797 scary hairy/ali073WBP_212649052.jpg,255.99,K
212649 - Alicia Gallery 797 scary hairy/ali073WBP_212649053.jpg,274.32,K
212649 - Alicia Gallery 797 scary hairy/ali073WBP_212649054.jpg,276.98,K
212649 - Alicia Gallery 797 scary hairy/ali073WBP_212649055.jpg,233.42,K
212649 - Alicia Gallery 797 scary hairy/ali073WBP_212649056.jpg,233.93,K
212649 - Alicia Gallery 797 scary hairy/ali073WBP_212649057.jpg,267.12,K
212649 - Alicia Gallery 797 scary hairy/ali073WBP_212649058.jpg,245.54,K
212649 - Alicia Gallery 797 scary hairy/ali073WBP_212649059.jpg,245.28,K
212649 - Alicia Gallery 797 scary hairy/ali073WBP_212649060.jpg,251.51,K
212649 - Alicia Gallery 797 scary hairy/ali073WBP_212649061.jpg,236.86,K
212649 - Alicia Gallery 797 scary hairy/ali073WBP_212649062.jpg,229.72,K
212649 - Alicia Gallery 797 scary hairy/ali073WBP_212649063.jpg,249.03,K
212649 - Alicia Gallery 797 scary hairy/ali073WBP_212649064.jpg,252.79,K
212649 - Alicia Gallery 797 scary hairy/ali073WBP_212649065.jpg,242.75,K
212649 - Alicia Gallery 797 scary hairy/ali073WBP_212649066.jpg,258.62,K
212649 - Alicia Gallery 797 scary hairy/ali073WBP_212649067.jpg,260.13,K
212649 - Alicia Gallery 797 scary hairy/ali073WBP_212649068.jpg,250.4,K
212649 - Alicia Gallery 797 scary hairy/ali073WBP_212649069.jpg,249.05,K
212649 - Alicia Gallery 797 scary hairy/ali073WBP_212649070.jpg,258.14,K
212649 - Alicia Gallery 797 scary hairy/ali073WBP_212649071.jpg,291.29,K
212649 - Alicia Gallery 797 scary hairy/ali073WBP_212649072.jpg,287.3,K
212649 - Alicia Gallery 797 scary hairy/ali073WBP_212649073.jpg,265,K
212649 - Alicia Gallery 797 scary hairy/ali073WBP_212649074.jpg,274.37,K
212649 - Alicia Gallery 797 scary hairy/ali073WBP_212649075.jpg,273.58,K
212649 - Alicia Gallery 797 scary hairy/ali073WBP_212649076.jpg,288.26,K
212649 - Alicia Gallery 797 scary hairy/ali073WBP_212649077.jpg,266.56,K
212649 - Alicia Gallery 797 scary hairy/ali073WBP_212649078.jpg,274.78,K
212649 - Alicia Gallery 797 scary hairy/ali073WBP_212649079.jpg,295.41,K
212649 - Alicia Gallery 797 scary hairy/ali073WBP_212649080.jpg,251.98,K
212649 - Alicia Gallery 797 scary hairy/ali073WBP_212649081.jpg,255.51,K
212649 - Alicia Gallery 797 scary hairy/ali073WBP_212649082.jpg,251.09,K
212649 - Alicia Gallery 797 scary hairy/ali073WBP_212649083.jpg,263.08,K
212649 - Alicia Gallery 797 scary hairy/ali073WBP_212649084.jpg,262.77,K
212649 - Alicia Gallery 797 scary hairy/ali073WBP_212649085.jpg,262.67,K
212649 - Alicia Gallery 797 scary hairy/ali073WBP_212649086.jpg,241.02,K
212649 - Alicia Gallery 797 scary hairy/ali073WBP_212649087.jpg,242.91,K
212649 - Alicia Gallery 797 scary hairy/ali073WBP_212649088.jpg,248.67,K
212649 - Alicia Gallery 797 scary hairy/ali073WBP_212649089.jpg,272.96,K
212649 - Alicia Gallery 797 scary hairy/ali073WBP_212649090.jpg,210.99,K
212649 - Alicia Gallery 797 scary hairy/ali073WBP_212649091.jpg,205.87,K
212649 - Alicia Gallery 797 scary hairy/ali073WBP_212649092.jpg,216.49,K
212649 - Alicia Gallery 797 scary hairy/ali073WBP_212649093.jpg,234.77,K
212649 - Alicia Gallery 797 scary hairy/ali073WBP_212649094.jpg,231.13,K
212649 - Alicia Gallery 797 scary hairy/ali073WBP_212649095.jpg,215.99,K
212649 - Alicia Gallery 797 scary hairy/ali073WBP_212649096.jpg,208.64,K
212649 - Alicia Gallery 797 scary hairy/ali073WBP_212649097.jpg,214.27,K
212649 - Alicia Gallery 797 scary hairy/ali073WBP_212649098.jpg,217.41,K
212649 - Alicia Gallery 797 scary hairy/ali073WBP_212649099.jpg,214.04,K
212649 - Alicia Gallery 797 scary hairy/ali073WBP_212649100.jpg,213.76,K
212649 - Alicia Gallery 797 scary hairy/ali073WBP_212649101.jpg,268.23,K
212649 - Alicia Gallery 797 scary hairy/ali073WBP_212649102.jpg,214.54,K
212649 - Alicia Gallery 797 scary hairy/ali073WBP_212649103.jpg,293.8,K
212649 - Alicia Gallery 797 scary hairy/ali073WBP_212649104.jpg,299.34,K
212649 - Alicia Gallery 797 scary hairy/ali073WBP_212649105.jpg,290.97,K
212649 - Alicia Gallery 797 scary hairy/ali073WBP_212649106.jpg,252.38,K
212649 - Alicia Gallery 797 scary hairy/ali073WBP_212649107.jpg,196.93,K
212649 - Alicia Gallery 797 scary hairy/ali073WBP_212649108.jpg,199.4,K
212649 - Alicia Gallery 797 scary hairy/ali073WBP_212649109.jpg,208.84,K
212649 - Alicia Gallery 797 scary hairy/ali073WBP_212649110.jpg,324.71,K
212649 - Alicia Gallery 797 scary hairy/ali073WBP_212649111.jpg,278.02,K
212649 - Alicia Gallery 797 scary hairy/ali073WBP_212649112.jpg,297.36,K
212649 - Alicia Gallery 797 scary hairy/ali073WBP_212649113.jpg,301.08,K
212649 - Alicia Gallery 797 scary hairy/ali073WBP_212649114.jpg,252.65,K
212771 - Alicia Gallery 798 scary hairy/ali073WBP_212771001.jpg,281.38,K
212771 - Alicia Gallery 798 scary hairy/ali073WBP_212771002.jpg,254.05,K
212771 - Alicia Gallery 798 scary hairy/ali073WBP_212771003.jpg,262.49,K
212771 - Alicia Gallery 798 scary hairy/ali073WBP_212771004.jpg,290.67,K
212771 - Alicia Gallery 798 scary hairy/ali073WBP_212771005.jpg,276.87,K
212771 - Alicia Gallery 798 scary hairy/ali073WBP_212771006.jpg,218.49,K
212771 - Alicia Gallery 798 scary hairy/ali073WBP_212771007.jpg,218.2,K
212771 - Alicia Gallery 798 scary hairy/ali073WBP_212771008.jpg,235.49,K
212771 - Alicia Gallery 798 scary hairy/ali073WBP_212771009.jpg,243.56,K
212771 - Alicia Gallery 798 scary hairy/ali073WBP_212771010.jpg,205.35,K
212771 - Alicia Gallery 798 scary hairy/ali073WBP_212771011.jpg,224.25,K
212771 - Alicia Gallery 798 scary hairy/ali073WBP_212771012.jpg,224.13,K
212771 - Alicia Gallery 798 scary hairy/ali073WBP_212771013.jpg,201.81,K
212771 - Alicia Gallery 798 scary hairy/ali073WBP_212771014.jpg,193.56,K
212771 - Alicia Gallery 798 scary hairy/ali073WBP_212771015.jpg,195.64,K
212771 - Alicia Gallery 798 scary hairy/ali073WBP_212771016.jpg,252.5,K
212771 - Alicia Gallery 798 scary hairy/ali073WBP_212771017.jpg,230.11,K
212771 - Alicia Gallery 798 scary hairy/ali073WBP_212771018.jpg,261.06,K
212771 - Alicia Gallery 798 scary hairy/ali073WBP_212771019.jpg,284.77,K
212771 - Alicia Gallery 798 scary hairy/ali073WBP_212771020.jpg,274.98,K
212771 - Alicia Gallery 798 scary hairy/ali073WBP_212771021.jpg,271.02,K
212771 - Alicia Gallery 798 scary hairy/ali073WBP_212771022.jpg,259.16,K
212771 - Alicia Gallery 798 scary hairy/ali073WBP_212771023.jpg,244.62,K
212771 - Alicia Gallery 798 scary hairy/ali073WBP_212771024.jpg,250.08,K
212771 - Alicia Gallery 798 scary hairy/ali073WBP_212771025.jpg,242.74,K
212771 - Alicia Gallery 798 scary hairy/ali073WBP_212771026.jpg,259.33,K
212771 - Alicia Gallery 798 scary hairy/ali073WBP_212771027.jpg,257.46,K
212771 - Alicia Gallery 798 scary hairy/ali073WBP_212771028.jpg,266.12,K
212771 - Alicia Gallery 798 scary hairy/ali073WBP_212771029.jpg,256.14,K
212771 - Alicia Gallery 798 scary hairy/ali073WBP_212771030.jpg,250.34,K
212771 - Alicia Gallery 798 scary hairy/ali073WBP_212771031.jpg,213.04,K
212771 - Alicia Gallery 798 scary hairy/ali073WBP_212771032.jpg,232.44,K
212771 - Alicia Gallery 798 scary hairy/ali073WBP_212771033.jpg,225.93,K
212771 - Alicia Gallery 798 scary hairy/ali073WBP_212771034.jpg,203.12,K
212771 - Alicia Gallery 798 scary hairy/ali073WBP_212771035.jpg,240.86,K
212771 - Alicia Gallery 798 scary hairy/ali073WBP_212771036.jpg,218.27,K
212771 - Alicia Gallery 798 scary hairy/ali073WBP_212771037.jpg,208.68,K
212771 - Alicia Gallery 798 scary hairy/ali073WBP_212771038.jpg,221.01,K
212771 - Alicia Gallery 798 scary hairy/ali073WBP_212771039.jpg,177.94,K
212771 - Alicia Gallery 798 scary hairy/ali073WBP_212771040.jpg,205.24,K
212771 - Alicia Gallery 798 scary hairy/ali073WBP_212771041.jpg,317.11,K
212771 - Alicia Gallery 798 scary hairy/ali073WBP_212771042.jpg,305.03,K
212771 - Alicia Gallery 798 scary hairy/ali073WBP_212771043.jpg,166.51,K
212771 - Alicia Gallery 798 scary hairy/ali073WBP_212771044.jpg,164.93,K
212771 - Alicia Gallery 798 scary hairy/ali073WBP_212771045.jpg,223.68,K
212771 - Alicia Gallery 798 scary hairy/ali073WBP_212771046.jpg,208.06,K
212771 - Alicia Gallery 798 scary hairy/ali073WBP_212771047.jpg,168.94,K
212771 - Alicia Gallery 798 scary hairy/ali073WBP_212771048.jpg,197.93,K
212771 - Alicia Gallery 798 scary hairy/ali073WBP_212771049.jpg,210.82,K
212771 - Alicia Gallery 798 scary hairy/ali073WBP_212771050.jpg,214.03,K
212771 - Alicia Gallery 798 scary hairy/ali073WBP_212771051.jpg,169.81,K
212771 - Alicia Gallery 798 scary hairy/ali073WBP_212771052.jpg,165.73,K
212771 - Alicia Gallery 798 scary hairy/ali073WBP_212771053.jpg,179.33,K
212771 - Alicia Gallery 798 scary hairy/ali073WBP_212771054.jpg,198.61,K
212771 - Alicia Gallery 798 scary hairy/ali073WBP_212771055.jpg,176.39,K
212771 - Alicia Gallery 798 scary hairy/ali073WBP_212771056.jpg,184.89,K
212771 - Alicia Gallery 798 scary hairy/ali073WBP_212771057.jpg,193.25,K
212771 - Alicia Gallery 798 scary hairy/ali073WBP_212771058.jpg,183.79,K
212771 - Alicia Gallery 798 scary hairy/ali073WBP_212771059.jpg,184.33,K
212771 - Alicia Gallery 798 scary hairy/ali073WBP_212771060.jpg,183.13,K
212771 - Alicia Gallery 798 scary hairy/ali073WBP_212771061.jpg,186.03,K
212771 - Alicia Gallery 798 scary hairy/ali073WBP_212771062.jpg,174.92,K
212771 - Alicia Gallery 798 scary hairy/ali073WBP_212771063.jpg,166.71,K
212771 - Alicia Gallery 798 scary hairy/ali073WBP_212771064.jpg,164.72,K
212771 - Alicia Gallery 798 scary hairy/ali073WBP_212771065.jpg,180.85,K
212771 - Alicia Gallery 798 scary hairy/ali073WBP_212771066.jpg,165.96,K
212771 - Alicia Gallery 798 scary hairy/ali073WBP_212771067.jpg,196.58,K
212771 - Alicia Gallery 798 scary hairy/ali073WBP_212771068.jpg,188.5,K
212771 - Alicia Gallery 798 scary hairy/ali073WBP_212771069.jpg,196.38,K
212771 - Alicia Gallery 798 scary hairy/ali073WBP_212771070.jpg,204.57,K
212771 - Alicia Gallery 798 scary hairy/ali073WBP_212771071.jpg,240.1,K
212771 - Alicia Gallery 798 scary hairy/ali073WBP_212771072.jpg,207.77,K
212771 - Alicia Gallery 798 scary hairy/ali073WBP_212771073.jpg,223.21,K
212771 - Alicia Gallery 798 scary hairy/ali073WBP_212771074.jpg,194.41,K
212771 - Alicia Gallery 798 scary hairy/ali073WBP_212771075.jpg,245.08,K
212771 - Alicia Gallery 798 scary hairy/ali073WBP_212771076.jpg,255.16,K
212771 - Alicia Gallery 798 scary hairy/ali073WBP_212771077.jpg,252.42,K
212771 - Alicia Gallery 798 scary hairy/ali073WBP_212771078.jpg,355.05,K
212771 - Alicia Gallery 798 scary hairy/ali073WBP_212771079.jpg,329.85,K
212771 - Alicia Gallery 798 scary hairy/ali073WBP_212771080.jpg,389.15,K
212771 - Alicia Gallery 798 scary hairy/ali073WBP_212771081.jpg,325.7,K
212771 - Alicia Gallery 798 scary hairy/ali073WBP_212771082.jpg,286.94,K
212771 - Alicia Gallery 798 scary hairy/ali073WBP_212771083.jpg,277.52,K
212771 - Alicia Gallery 798 scary hairy/ali073WBP_212771084.jpg,264.15,K
212771 - Alicia Gallery 798 scary hairy/ali073WBP_212771085.jpg,287.56,K
212771 - Alicia Gallery 798 scary hairy/ali073WBP_212771086.jpg,272.5,K
212771 - Alicia Gallery 798 scary hairy/ali073WBP_212771087.jpg,242.11,K
212771 - Alicia Gallery 798 scary hairy/ali073WBP_212771088.jpg,208.08,K
212771 - Alicia Gallery 798 scary hairy/ali073WBP_212771089.jpg,222.48,K
212771 - Alicia Gallery 798 scary hairy/ali073WBP_212771090.jpg,227.11,K
212771 - Alicia Gallery 798 scary hairy/ali073WBP_212771091.jpg,234.76,K
212771 - Alicia Gallery 798 scary hairy/ali073WBP_212771092.jpg,222.71,K
212771 - Alicia Gallery 798 scary hairy/ali073WBP_212771093.jpg,218.34,K
212771 - Alicia Gallery 798 scary hairy/ali073WBP_212771094.jpg,227.33,K
212771 - Alicia Gallery 798 scary hairy/ali073WBP_212771095.jpg,223.21,K
212771 - Alicia Gallery 798 scary hairy/ali073WBP_212771096.jpg,227.77,K
212771 - Alicia Gallery 798 scary hairy/ali073WBP_212771097.jpg,226.24,K
212771 - Alicia Gallery 798 scary hairy/ali073WBP_212771098.jpg,234.47,K
212771 - Alicia Gallery 798 scary hairy/ali073WBP_212771099.jpg,194.48,K
212771 - Alicia Gallery 798 scary hairy/ali073WBP_212771100.jpg,211.84,K
212771 - Alicia Gallery 798 scary hairy/ali073WBP_212771101.jpg,207.38,K
212771 - Alicia Gallery 798 scary hairy/ali073WBP_212771102.jpg,235.83,K
212771 - Alicia Gallery 798 scary hairy/ali073WBP_212771103.jpg,202.52,K
212771 - Alicia Gallery 798 scary hairy/ali073WBP_212771104.jpg,212.74,K
212771 - Alicia Gallery 798 scary hairy/ali073WBP_212771105.jpg,214.97,K
212771 - Alicia Gallery 798 scary hairy/ali073WBP_212771106.jpg,226.23,K
212771 - Alicia Gallery 798 scary hairy/ali073WBP_212771107.jpg,226.81,K
212771 - Alicia Gallery 798 scary hairy/ali073WBP_212771108.jpg,206.96,K
212771 - Alicia Gallery 798 scary hairy/ali073WBP_212771109.jpg,205.55,K
212771 - Alicia Gallery 798 scary hairy/ali073WBP_212771110.jpg,183.47,K
212771 - Alicia Gallery 798 scary hairy/ali073WBP_212771111.jpg,185.42,K
212771 - Alicia Gallery 798 scary hairy/ali073WBP_212771112.jpg,200.43,K
212771 - Alicia Gallery 798 scary hairy/ali073WBP_212771113.jpg,197.22,K
212884 - Alicia Gallery 799 scary hairy/ali073WBP_212884001.jpg,347.62,K
212884 - Alicia Gallery 799 scary hairy/ali073WBP_212884002.jpg,385.93,K
212884 - Alicia Gallery 799 scary hairy/ali073WBP_212884003.jpg,405.69,K
212884 - Alicia Gallery 799 scary hairy/ali073WBP_212884004.jpg,380.76,K
212884 - Alicia Gallery 799 scary hairy/ali073WBP_212884005.jpg,387.68,K
212884 - Alicia Gallery 799 scary hairy/ali073WBP_212884006.jpg,293.71,K
212884 - Alicia Gallery 799 scary hairy/ali073WBP_212884007.jpg,333.63,K
212884 - Alicia Gallery 799 scary hairy/ali073WBP_212884008.jpg,328.33,K
212884 - Alicia Gallery 799 scary hairy/ali073WBP_212884009.jpg,326.27,K
212884 - Alicia Gallery 799 scary hairy/ali073WBP_212884010.jpg,350.78,K
212884 - Alicia Gallery 799 scary hairy/ali073WBP_212884011.jpg,335,K
212884 - Alicia Gallery 799 scary hairy/ali073WBP_212884012.jpg,356.83,K
212884 - Alicia Gallery 799 scary hairy/ali073WBP_212884013.jpg,403.45,K
212884 - Alicia Gallery 799 scary hairy/ali073WBP_212884014.jpg,425.93,K
212884 - Alicia Gallery 799 scary hairy/ali073WBP_212884015.jpg,335.49,K
212884 - Alicia Gallery 799 scary hairy/ali073WBP_212884016.jpg,363.29,K
212884 - Alicia Gallery 799 scary hairy/ali073WBP_212884017.jpg,297.65,K
212884 - Alicia Gallery 799 scary hairy/ali073WBP_212884018.jpg,309.93,K
212884 - Alicia Gallery 799 scary hairy/ali073WBP_212884019.jpg,388.63,K
212884 - Alicia Gallery 799 scary hairy/ali073WBP_212884020.jpg,329.77,K
212884 - Alicia Gallery 799 scary hairy/ali073WBP_212884021.jpg,376.87,K
212884 - Alicia Gallery 799 scary hairy/ali073WBP_212884022.jpg,304.4,K
212884 - Alicia Gallery 799 scary hairy/ali073WBP_212884023.jpg,294.22,K
212884 - Alicia Gallery 799 scary hairy/ali073WBP_212884024.jpg,294.15,K
212884 - Alicia Gallery 799 scary hairy/ali073WBP_212884025.jpg,316.57,K
212884 - Alicia Gallery 799 scary hairy/ali073WBP_212884026.jpg,330.69,K
212884 - Alicia Gallery 799 scary hairy/ali073WBP_212884027.jpg,264.98,K
212884 - Alicia Gallery 799 scary hairy/ali073WBP_212884028.jpg,286.11,K
212884 - Alicia Gallery 799 scary hairy/ali073WBP_212884029.jpg,348.06,K
212884 - Alicia Gallery 799 scary hairy/ali073WBP_212884030.jpg,339.89,K
212884 - Alicia Gallery 799 scary hairy/ali073WBP_212884031.jpg,287.91,K
212884 - Alicia Gallery 799 scary hairy/ali073WBP_212884032.jpg,246.27,K
212884 - Alicia Gallery 799 scary hairy/ali073WBP_212884033.jpg,360.94,K
212884 - Alicia Gallery 799 scary hairy/ali073WBP_212884034.jpg,365.98,K
212884 - Alicia Gallery 799 scary hairy/ali073WBP_212884035.jpg,368.7,K
212884 - Alicia Gallery 799 scary hairy/ali073WBP_212884036.jpg,290.81,K
212884 - Alicia Gallery 799 scary hairy/ali073WBP_212884037.jpg,313.96,K
212884 - Alicia Gallery 799 scary hairy/ali073WBP_212884038.jpg,318.54,K
212884 - Alicia Gallery 799 scary hairy/ali073WBP_212884039.jpg,298.69,K
212884 - Alicia Gallery 799 scary hairy/ali073WBP_212884040.jpg,316.24,K
212884 - Alicia Gallery 799 scary hairy/ali073WBP_212884041.jpg,336.52,K
212884 - Alicia Gallery 799 scary hairy/ali073WBP_212884042.jpg,314.71,K
212884 - Alicia Gallery 799 scary hairy/ali073WBP_212884043.jpg,358.22,K
212884 - Alicia Gallery 799 scary hairy/ali073WBP_212884044.jpg,363.13,K
212884 - Alicia Gallery 799 scary hairy/ali073WBP_212884045.jpg,392.05,K
212884 - Alicia Gallery 799 scary hairy/ali073WBP_212884046.jpg,378.07,K
212884 - Alicia Gallery 799 scary hairy/ali073WBP_212884047.jpg,340.11,K
212884 - Alicia Gallery 799 scary hairy/ali073WBP_212884048.jpg,372.12,K
212884 - Alicia Gallery 799 scary hairy/ali073WBP_212884049.jpg,272.97,K
212884 - Alicia Gallery 799 scary hairy/ali073WBP_212884050.jpg,311.45,K
212884 - Alicia Gallery 799 scary hairy/ali073WBP_212884051.jpg,323.64,K
212884 - Alicia Gallery 799 scary hairy/ali073WBP_212884052.jpg,320.25,K
212884 - Alicia Gallery 799 scary hairy/ali073WBP_212884053.jpg,223.07,K
212884 - Alicia Gallery 799 scary hairy/ali073WBP_212884054.jpg,227.99,K
212884 - Alicia Gallery 799 scary hairy/ali073WBP_212884055.jpg,211.2,K
212884 - Alicia Gallery 799 scary hairy/ali073WBP_212884056.jpg,219.42,K
212884 - Alicia Gallery 799 scary hairy/ali073WBP_212884057.jpg,200.52,K
212884 - Alicia Gallery 799 scary hairy/ali073WBP_212884058.jpg,206.67,K
212884 - Alicia Gallery 799 scary hairy/ali073WBP_212884059.jpg,307.2,K
212884 - Alicia Gallery 799 scary hairy/ali073WBP_212884060.jpg,246.89,K
212884 - Alicia Gallery 799 scary hairy/ali073WBP_212884061.jpg,237.65,K
212884 - Alicia Gallery 799 scary hairy/ali073WBP_212884062.jpg,230.3,K
212884 - Alicia Gallery 799 scary hairy/ali073WBP_212884063.jpg,248.49,K
212884 - Alicia Gallery 799 scary hairy/ali073WBP_212884064.jpg,244.87,K
212884 - Alicia Gallery 799 scary hairy/ali073WBP_212884065.jpg,403.42,K
212884 - Alicia Gallery 799 scary hairy/ali073WBP_212884066.jpg,352.75,K
212884 - Alicia Gallery 799 scary hairy/ali073WBP_212884067.jpg,384.98,K
212884 - Alicia Gallery 799 scary hairy/ali073WBP_212884068.jpg,291.71,K
212884 - Alicia Gallery 799 scary hairy/ali073WBP_212884069.jpg,288.64,K
212884 - Alicia Gallery 799 scary hairy/ali073WBP_212884070.jpg,384.72,K
212884 - Alicia Gallery 799 scary hairy/ali073WBP_212884071.jpg,373.36,K
212884 - Alicia Gallery 799 scary hairy/ali073WBP_212884072.jpg,239.72,K
212884 - Alicia Gallery 799 scary hairy/ali073WBP_212884073.jpg,224.68,K
212884 - Alicia Gallery 799 scary hairy/ali073WBP_212884074.jpg,221.95,K
212884 - Alicia Gallery 799 scary hairy/ali073WBP_212884075.jpg,208.1,K
212884 - Alicia Gallery 799 scary hairy/ali073WBP_212884076.jpg,217.52,K
212884 - Alicia Gallery 799 scary hairy/ali073WBP_212884077.jpg,175.72,K
212884 - Alicia Gallery 799 scary hairy/ali073WBP_212884078.jpg,185.1,K
212884 - Alicia Gallery 799 scary hairy/ali073WBP_212884079.jpg,213.49,K
212884 - Alicia Gallery 799 scary hairy/ali073WBP_212884080.jpg,214.54,K
212884 - Alicia Gallery 799 scary hairy/ali073WBP_212884081.jpg,239.22,K
212884 - Alicia Gallery 799 scary hairy/ali073WBP_212884082.jpg,239.33,K
212884 - Alicia Gallery 799 scary hairy/ali073WBP_212884083.jpg,307.54,K
212884 - Alicia Gallery 799 scary hairy/ali073WBP_212884084.jpg,263.81,K
212884 - Alicia Gallery 799 scary hairy/ali073WBP_212884085.jpg,200.4,K
212884 - Alicia Gallery 799 scary hairy/ali073WBP_212884086.jpg,292.77,K
212884 - Alicia Gallery 799 scary hairy/ali073WBP_212884087.jpg,237.92,K
212884 - Alicia Gallery 799 scary hairy/ali073WBP_212884088.jpg,319.69,K
212884 - Alicia Gallery 799 scary hairy/ali073WBP_212884089.jpg,251.75,K
212884 - Alicia Gallery 799 scary hairy/ali073WBP_212884090.jpg,297.16,K
212884 - Alicia Gallery 799 scary hairy/ali073WBP_212884091.jpg,384.8,K
212884 - Alicia Gallery 799 scary hairy/ali073WBP_212884092.jpg,402.79,K
212884 - Alicia Gallery 799 scary hairy/ali073WBP_212884093.jpg,310.53,K
212884 - Alicia Gallery 799 scary hairy/ali073WBP_212884094.jpg,396.01,K
212884 - Alicia Gallery 799 scary hairy/ali073WBP_212884095.jpg,371.72,K
212884 - Alicia Gallery 799 scary hairy/ali073WBP_212884096.jpg,404.23,K
212884 - Alicia Gallery 799 scary hairy/ali073WBP_212884097.jpg,296.12,K
212884 - Alicia Gallery 799 scary hairy/ali073WBP_212884098.jpg,372.01,K
212884 - Alicia Gallery 799 scary hairy/ali073WBP_212884099.jpg,330.58,K
212884 - Alicia Gallery 799 scary hairy/ali073WBP_212884100.jpg,322.86,K
212884 - Alicia Gallery 799 scary hairy/ali073WBP_212884101.jpg,228.52,K
212884 - Alicia Gallery 799 scary hairy/ali073WBP_212884102.jpg,341.99,K
212884 - Alicia Gallery 799 scary hairy/ali073WBP_212884103.jpg,326.22,K
212884 - Alicia Gallery 799 scary hairy/ali073WBP_212884104.jpg,334.52,K
212884 - Alicia Gallery 799 scary hairy/ali073WBP_212884105.jpg,234.32,K
212884 - Alicia Gallery 799 scary hairy/ali073WBP_212884106.jpg,261.83,K
212884 - Alicia Gallery 799 scary hairy/ali073WBP_212884107.jpg,345.17,K
212884 - Alicia Gallery 799 scary hairy/ali073WBP_212884108.jpg,322.63,K
212884 - Alicia Gallery 799 scary hairy/ali073WBP_212884109.jpg,241.26,K
212884 - Alicia Gallery 799 scary hairy/ali073WBP_212884110.jpg,321.45,K
212884 - Alicia Gallery 799 scary hairy/ali073WBP_212884111.jpg,241.38,K
212884 - Alicia Gallery 799 scary hairy/ali073WBP_212884112.jpg,346.03,K
212884 - Alicia Gallery 799 scary hairy/ali073WBP_212884113.jpg,262.6,K
212884 - Alicia Gallery 799 scary hairy/ali073WBP_212884114.jpg,239.79,K
213019 - Alicia Gallery 799 scary hairy/ali073WBP_213019001.jpg,295.71,K
213019 - Alicia Gallery 799 scary hairy/ali073WBP_213019002.jpg,239.49,K
213019 - Alicia Gallery 799 scary hairy/ali073WBP_213019003.jpg,272.59,K
213019 - Alicia Gallery 799 scary hairy/ali073WBP_213019004.jpg,268.74,K
213019 - Alicia Gallery 799 scary hairy/ali073WBP_213019005.jpg,275.54,K
213019 - Alicia Gallery 799 scary hairy/ali073WBP_213019006.jpg,281.95,K
213019 - Alicia Gallery 799 scary hairy/ali073WBP_213019007.jpg,250.85,K
213019 - Alicia Gallery 799 scary hairy/ali073WBP_213019008.jpg,284.03,K
213019 - Alicia Gallery 799 scary hairy/ali073WBP_213019009.jpg,252.96,K
213019 - Alicia Gallery 799 scary hairy/ali073WBP_213019010.jpg,301.72,K
213019 - Alicia Gallery 799 scary hairy/ali073WBP_213019011.jpg,311.24,K
213019 - Alicia Gallery 799 scary hairy/ali073WBP_213019012.jpg,289.3,K
213019 - Alicia Gallery 799 scary hairy/ali073WBP_213019013.jpg,343.81,K
213019 - Alicia Gallery 799 scary hairy/ali073WBP_213019014.jpg,295.75,K
213019 - Alicia Gallery 799 scary hairy/ali073WBP_213019015.jpg,293.08,K
213019 - Alicia Gallery 799 scary hairy/ali073WBP_213019016.jpg,261.3,K
213019 - Alicia Gallery 799 scary hairy/ali073WBP_213019017.jpg,263.78,K
213019 - Alicia Gallery 799 scary hairy/ali073WBP_213019018.jpg,289.46,K
213019 - Alicia Gallery 799 scary hairy/ali073WBP_213019019.jpg,285.54,K
213019 - Alicia Gallery 799 scary hairy/ali073WBP_213019020.jpg,260.78,K
213019 - Alicia Gallery 799 scary hairy/ali073WBP_213019021.jpg,258.89,K
213019 - Alicia Gallery 799 scary hairy/ali073WBP_213019022.jpg,285.34,K
213019 - Alicia Gallery 799 scary hairy/ali073WBP_213019023.jpg,286.07,K
213019 - Alicia Gallery 799 scary hairy/ali073WBP_213019024.jpg,273.31,K
213019 - Alicia Gallery 799 scary hairy/ali073WBP_213019025.jpg,271.84,K
213019 - Alicia Gallery 799 scary hairy/ali073WBP_213019026.jpg,274.9,K
213019 - Alicia Gallery 799 scary hairy/ali073WBP_213019027.jpg,239.94,K
213019 - Alicia Gallery 799 scary hairy/ali073WBP_213019028.jpg,235.29,K
213019 - Alicia Gallery 799 scary hairy/ali073WBP_213019029.jpg,311.79,K
213019 - Alicia Gallery 799 scary hairy/ali073WBP_213019030.jpg,305.92,K
213019 - Alicia Gallery 799 scary hairy/ali073WBP_213019031.jpg,266.4,K
213019 - Alicia Gallery 799 scary hairy/ali073WBP_213019032.jpg,259.55,K
213019 - Alicia Gallery 799 scary hairy/ali073WBP_213019033.jpg,249.2,K
213019 - Alicia Gallery 799 scary hairy/ali073WBP_213019034.jpg,255.08,K
213019 - Alicia Gallery 799 scary hairy/ali073WBP_213019035.jpg,262.67,K
213019 - Alicia Gallery 799 scary hairy/ali073WBP_213019036.jpg,334.2,K
213019 - Alicia Gallery 799 scary hairy/ali073WBP_213019037.jpg,311.99,K
213019 - Alicia Gallery 799 scary hairy/ali073WBP_213019038.jpg,250.11,K
213019 - Alicia Gallery 799 scary hairy/ali073WBP_213019039.jpg,289.84,K
213019 - Alicia Gallery 799 scary hairy/ali073WBP_213019040.jpg,251.13,K
213019 - Alicia Gallery 799 scary hairy/ali073WBP_213019041.jpg,261.99,K
213019 - Alicia Gallery 799 scary hairy/ali073WBP_213019042.jpg,237.91,K
213019 - Alicia Gallery 799 scary hairy/ali073WBP_213019043.jpg,246.45,K
213019 - Alicia Gallery 799 scary hairy/ali073WBP_213019044.jpg,242.93,K
213019 - Alicia Gallery 799 scary hairy/ali073WBP_213019045.jpg,268.94,K
213019 - Alicia Gallery 799 scary hairy/ali073WBP_213019046.jpg,246.74,K
213019 - Alicia Gallery 799 scary hairy/ali073WBP_213019047.jpg,223.83,K
213019 - Alicia Gallery 799 scary hairy/ali073WBP_213019048.jpg,225.22,K
213019 - Alicia Gallery 799 scary hairy/ali073WBP_213019049.jpg,239.13,K
213019 - Alicia Gallery 799 scary hairy/ali073WBP_213019050.jpg,224.6,K
213019 - Alicia Gallery 799 scary hairy/ali073WBP_213019051.jpg,233.33,K
213019 - Alicia Gallery 799 scary hairy/ali073WBP_213019052.jpg,226.61,K
213019 - Alicia Gallery 799 scary hairy/ali073WBP_213019053.jpg,263.39,K
213019 - Alicia Gallery 799 scary hairy/ali073WBP_213019054.jpg,251.2,K
213019 - Alicia Gallery 799 scary hairy/ali073WBP_213019055.jpg,248.88,K
213019 - Alicia Gallery 799 scary hairy/ali073WBP_213019056.jpg,248.28,K
213019 - Alicia Gallery 799 scary hairy/ali073WBP_213019057.jpg,260.23,K
213019 - Alicia Gallery 799 scary hairy/ali073WBP_213019058.jpg,240.9,K
213019 - Alicia Gallery 799 scary hairy/ali073WBP_213019059.jpg,441.3,K
213019 - Alicia Gallery 799 scary hairy/ali073WBP_213019060.jpg,414.21,K
213019 - Alicia Gallery 799 scary hairy/ali073WBP_213019061.jpg,407.89,K
213019 - Alicia Gallery 799 scary hairy/ali073WBP_213019062.jpg,297.42,K
213019 - Alicia Gallery 799 scary hairy/ali073WBP_213019063.jpg,298.9,K
213019 - Alicia Gallery 799 scary hairy/ali073WBP_213019064.jpg,310.07,K
213019 - Alicia Gallery 799 scary hairy/ali073WBP_213019065.jpg,314.44,K
213019 - Alicia Gallery 799 scary hairy/ali073WBP_213019066.jpg,303.97,K
213019 - Alicia Gallery 799 scary hairy/ali073WBP_213019067.jpg,282.59,K
213019 - Alicia Gallery 799 scary hairy/ali073WBP_213019068.jpg,298.53,K
213019 - Alicia Gallery 799 scary hairy/ali073WBP_213019069.jpg,258.91,K
213019 - Alicia Gallery 799 scary hairy/ali073WBP_213019070.jpg,263.79,K
213019 - Alicia Gallery 799 scary hairy/ali073WBP_213019071.jpg,269.77,K
213019 - Alicia Gallery 799 scary hairy/ali073WBP_213019072.jpg,264.32,K
213019 - Alicia Gallery 799 scary hairy/ali073WBP_213019073.jpg,268.74,K
213019 - Alicia Gallery 799 scary hairy/ali073WBP_213019074.jpg,291.68,K
213019 - Alicia Gallery 799 scary hairy/ali073WBP_213019075.jpg,244.39,K
213019 - Alicia Gallery 799 scary hairy/ali073WBP_213019076.jpg,293.86,K
213019 - Alicia Gallery 799 scary hairy/ali073WBP_213019077.jpg,314.85,K
213019 - Alicia Gallery 799 scary hairy/ali073WBP_213019078.jpg,351.82,K
213019 - Alicia Gallery 799 scary hairy/ali073WBP_213019079.jpg,307.24,K
213019 - Alicia Gallery 799 scary hairy/ali073WBP_213019080.jpg,317.67,K
213019 - Alicia Gallery 799 scary hairy/ali073WBP_213019081.jpg,347.5,K
213019 - Alicia Gallery 799 scary hairy/ali073WBP_213019082.jpg,357.67,K
213019 - Alicia Gallery 799 scary hairy/ali073WBP_213019083.jpg,363.09,K
213019 - Alicia Gallery 799 scary hairy/ali073WBP_213019084.jpg,354.06,K
213019 - Alicia Gallery 799 scary hairy/ali073WBP_213019085.jpg,310.74,K
213019 - Alicia Gallery 799 scary hairy/ali073WBP_213019086.jpg,314.44,K
213019 - Alicia Gallery 799 scary hairy/ali073WBP_213019087.jpg,314.83,K
213019 - Alicia Gallery 799 scary hairy/ali073WBP_213019088.jpg,354.33,K
213019 - Alicia Gallery 799 scary hairy/ali073WBP_213019089.jpg,292.6,K
213019 - Alicia Gallery 799 scary hairy/ali073WBP_213019090.jpg,318,K
213019 - Alicia Gallery 799 scary hairy/ali073WBP_213019091.jpg,313.78,K
213019 - Alicia Gallery 799 scary hairy/ali073WBP_213019092.jpg,345.23,K
213019 - Alicia Gallery 799 scary hairy/ali073WBP_213019093.jpg,326.25,K
213019 - Alicia Gallery 799 scary hairy/ali073WBP_213019094.jpg,300.56,K
213019 - Alicia Gallery 799 scary hairy/ali073WBP_213019095.jpg,247.11,K
213019 - Alicia Gallery 799 scary hairy/ali073WBP_213019096.jpg,400.87,K
213019 - Alicia Gallery 799 scary hairy/ali073WBP_213019097.jpg,416.95,K
213019 - Alicia Gallery 799 scary hairy/ali073WBP_213019098.jpg,435.2,K
213019 - Alicia Gallery 799 scary hairy/ali073WBP_213019099.jpg,240.72,K
213019 - Alicia Gallery 799 scary hairy/ali073WBP_213019100.jpg,235.47,K
213141 - Alicia Gallery 800 scary hairy/ali073WBP_213141001.jpg,262.09,K
213141 - Alicia Gallery 800 scary hairy/ali073WBP_213141002.jpg,195.84,K
213141 - Alicia Gallery 800 scary hairy/ali073WBP_213141003.jpg,188.71,K
213141 - Alicia Gallery 800 scary hairy/ali073WBP_213141004.jpg,196.32,K
213141 - Alicia Gallery 800 scary hairy/ali073WBP_213141005.jpg,208,K
213141 - Alicia Gallery 800 scary hairy/ali073WBP_213141006.jpg,207.88,K
213141 - Alicia Gallery 800 scary hairy/ali073WBP_213141007.jpg,232.63,K
213141 - Alicia Gallery 800 scary hairy/ali073WBP_213141008.jpg,170.52,K
213141 - Alicia Gallery 800 scary hairy/ali073WBP_213141009.jpg,161.06,K
213141 - Alicia Gallery 800 scary hairy/ali073WBP_213141010.jpg,156.96,K
213141 - Alicia Gallery 800 scary hairy/ali073WBP_213141011.jpg,167.38,K
213141 - Alicia Gallery 800 scary hairy/ali073WBP_213141012.jpg,206.49,K
213141 - Alicia Gallery 800 scary hairy/ali073WBP_213141013.jpg,222.91,K
213141 - Alicia Gallery 800 scary hairy/ali073WBP_213141014.jpg,222.97,K
213141 - Alicia Gallery 800 scary hairy/ali073WBP_213141015.jpg,218.96,K
213141 - Alicia Gallery 800 scary hairy/ali073WBP_213141016.jpg,193.18,K
213141 - Alicia Gallery 800 scary hairy/ali073WBP_213141017.jpg,188.15,K
213141 - Alicia Gallery 800 scary hairy/ali073WBP_213141018.jpg,192.11,K
213141 - Alicia Gallery 800 scary hairy/ali073WBP_213141019.jpg,195.62,K
213141 - Alicia Gallery 800 scary hairy/ali073WBP_213141020.jpg,189.86,K
213141 - Alicia Gallery 800 scary hairy/ali073WBP_213141021.jpg,196.16,K
213141 - Alicia Gallery 800 scary hairy/ali073WBP_213141022.jpg,184.13,K
213141 - Alicia Gallery 800 scary hairy/ali073WBP_213141023.jpg,184.82,K
213141 - Alicia Gallery 800 scary hairy/ali073WBP_213141024.jpg,182.44,K
213141 - Alicia Gallery 800 scary hairy/ali073WBP_213141025.jpg,195.44,K
213141 - Alicia Gallery 800 scary hairy/ali073WBP_213141026.jpg,227.05,K
213141 - Alicia Gallery 800 scary hairy/ali073WBP_213141027.jpg,244.98,K
213141 - Alicia Gallery 800 scary hairy/ali073WBP_213141028.jpg,240.9,K
213141 - Alicia Gallery 800 scary hairy/ali073WBP_213141029.jpg,248.55,K
213141 - Alicia Gallery 800 scary hairy/ali073WBP_213141030.jpg,224.05,K
213141 - Alicia Gallery 800 scary hairy/ali073WBP_213141031.jpg,227.17,K
213141 - Alicia Gallery 800 scary hairy/ali073WBP_213141032.jpg,234.83,K
213141 - Alicia Gallery 800 scary hairy/ali073WBP_213141033.jpg,238.38,K
213141 - Alicia Gallery 800 scary hairy/ali073WBP_213141034.jpg,241.51,K
213141 - Alicia Gallery 800 scary hairy/ali073WBP_213141035.jpg,250.95,K
213141 - Alicia Gallery 800 scary hairy/ali073WBP_213141036.jpg,186.13,K
213141 - Alicia Gallery 800 scary hairy/ali073WBP_213141037.jpg,174.55,K
213141 - Alicia Gallery 800 scary hairy/ali073WBP_213141038.jpg,177.59,K
213141 - Alicia Gallery 800 scary hairy/ali073WBP_213141039.jpg,206.04,K
213141 - Alicia Gallery 800 scary hairy/ali073WBP_213141040.jpg,178.75,K
213141 - Alicia Gallery 800 scary hairy/ali073WBP_213141041.jpg,209.43,K
213141 - Alicia Gallery 800 scary hairy/ali073WBP_213141042.jpg,201.95,K
213141 - Alicia Gallery 800 scary hairy/ali073WBP_213141043.jpg,207.5,K
213141 - Alicia Gallery 800 scary hairy/ali073WBP_213141044.jpg,223.2,K
213141 - Alicia Gallery 800 scary hairy/ali073WBP_213141045.jpg,276.14,K
213141 - Alicia Gallery 800 scary hairy/ali073WBP_213141046.jpg,279.57,K
213141 - Alicia Gallery 800 scary hairy/ali073WBP_213141047.jpg,230.91,K
213141 - Alicia Gallery 800 scary hairy/ali073WBP_213141048.jpg,229.95,K
213141 - Alicia Gallery 800 scary hairy/ali073WBP_213141049.jpg,240.07,K
213141 - Alicia Gallery 800 scary hairy/ali073WBP_213141050.jpg,245.03,K
213141 - Alicia Gallery 800 scary hairy/ali073WBP_213141051.jpg,233.2,K
213141 - Alicia Gallery 800 scary hairy/ali073WBP_213141052.jpg,235.76,K
213141 - Alicia Gallery 800 scary hairy/ali073WBP_213141053.jpg,234.9,K
213141 - Alicia Gallery 800 scary hairy/ali073WBP_213141054.jpg,227.72,K
213141 - Alicia Gallery 800 scary hairy/ali073WBP_213141055.jpg,231.88,K
213141 - Alicia Gallery 800 scary hairy/ali073WBP_213141056.jpg,231.31,K
213141 - Alicia Gallery 800 scary hairy/ali073WBP_213141057.jpg,175.78,K
213141 - Alicia Gallery 800 scary hairy/ali073WBP_213141058.jpg,163.51,K
213141 - Alicia Gallery 800 scary hairy/ali073WBP_213141059.jpg,172.12,K
213141 - Alicia Gallery 800 scary hairy/ali073WBP_213141060.jpg,169.12,K
213141 - Alicia Gallery 800 scary hairy/ali073WBP_213141061.jpg,164.09,K
213141 - Alicia Gallery 800 scary hairy/ali073WBP_213141062.jpg,166.67,K
213141 - Alicia Gallery 800 scary hairy/ali073WBP_213141063.jpg,167.15,K
213141 - Alicia Gallery 800 scary hairy/ali073WBP_213141064.jpg,198.54,K
213141 - Alicia Gallery 800 scary hairy/ali073WBP_213141065.jpg,359.01,K
213141 - Alicia Gallery 800 scary hairy/ali073WBP_213141066.jpg,358.58,K
213141 - Alicia Gallery 800 scary hairy/ali073WBP_213141067.jpg,226.62,K
213141 - Alicia Gallery 800 scary hairy/ali073WBP_213141068.jpg,221.64,K
213141 - Alicia Gallery 800 scary hairy/ali073WBP_213141069.jpg,225.23,K
213141 - Alicia Gallery 800 scary hairy/ali073WBP_213141070.jpg,228.42,K
213141 - Alicia Gallery 800 scary hairy/ali073WBP_213141071.jpg,243.54,K
213141 - Alicia Gallery 800 scary hairy/ali073WBP_213141072.jpg,189.96,K
213141 - Alicia Gallery 800 scary hairy/ali073WBP_213141073.jpg,221.09,K
213141 - Alicia Gallery 800 scary hairy/ali073WBP_213141074.jpg,240.1,K
213141 - Alicia Gallery 800 scary hairy/ali073WBP_213141075.jpg,242.76,K
213141 - Alicia Gallery 800 scary hairy/ali073WBP_213141076.jpg,211.09,K
213141 - Alicia Gallery 800 scary hairy/ali073WBP_213141077.jpg,222.61,K
213141 - Alicia Gallery 800 scary hairy/ali073WBP_213141078.jpg,234.06,K
213141 - Alicia Gallery 800 scary hairy/ali073WBP_213141079.jpg,187.8,K
213141 - Alicia Gallery 800 scary hairy/ali073WBP_213141080.jpg,181.95,K
213141 - Alicia Gallery 800 scary hairy/ali073WBP_213141081.jpg,285.48,K
213141 - Alicia Gallery 800 scary hairy/ali073WBP_213141082.jpg,202.4,K
213141 - Alicia Gallery 800 scary hairy/ali073WBP_213141083.jpg,233.39,K
213141 - Alicia Gallery 800 scary hairy/ali073WBP_213141084.jpg,250.58,K
213141 - Alicia Gallery 800 scary hairy/ali073WBP_213141085.jpg,208.02,K
213141 - Alicia Gallery 800 scary hairy/ali073WBP_213141086.jpg,196.25,K
213141 - Alicia Gallery 800 scary hairy/ali073WBP_213141087.jpg,192.68,K
213141 - Alicia Gallery 800 scary hairy/ali073WBP_213141088.jpg,497.7,K
213141 - Alicia Gallery 800 scary hairy/ali073WBP_213141089.jpg,299.81,K
213141 - Alicia Gallery 800 scary hairy/ali073WBP_213141090.jpg,309.95,K
213141 - Alicia Gallery 800 scary hairy/ali073WBP_213141091.jpg,218.54,K
213141 - Alicia Gallery 800 scary hairy/ali073WBP_213141092.jpg,216.51,K
213141 - Alicia Gallery 800 scary hairy/ali073WBP_213141093.jpg,228.03,K
213141 - Alicia Gallery 800 scary hairy/ali073WBP_213141094.jpg,212.22,K
213141 - Alicia Gallery 800 scary hairy/ali073WBP_213141095.jpg,341.02,K
213141 - Alicia Gallery 800 scary hairy/ali073WBP_213141096.jpg,270.46,K
213141 - Alicia Gallery 800 scary hairy/ali073WBP_213141097.jpg,312.25,K
213141 - Alicia Gallery 800 scary hairy/ali073WBP_213141098.jpg,382.49,K
213141 - Alicia Gallery 800 scary hairy/ali073WBP_213141099.jpg,273.67,K
213141 - Alicia Gallery 800 scary hairy/ali073WBP_213141100.jpg,196.74,K
213141 - Alicia Gallery 800 scary hairy/ali073WBP_213141101.jpg,178.37,K
213141 - Alicia Gallery 800 scary hairy/ali073WBP_213141102.jpg,166.08,K
213141 - Alicia Gallery 800 scary hairy/ali073WBP_213141103.jpg,268.13,K
213141 - Alicia Gallery 800 scary hairy/ali073WBP_213141104.jpg,240.51,K
213141 - Alicia Gallery 800 scary hairy/ali073WBP_213141105.jpg,237.35,K
213141 - Alicia Gallery 800 scary hairy/ali073WBP_213141106.jpg,223.25,K
213141 - Alicia Gallery 800 scary hairy/ali073WBP_213141107.jpg,158.63,K
213141 - Alicia Gallery 800 scary hairy/ali073WBP_213141108.jpg,169.58,K
213362 - Alicia Gallery 801 scary hairy/ali073WBP_213362001.jpg,202.16,K
213362 - Alicia Gallery 801 scary hairy/ali073WBP_213362002.jpg,233.38,K
213362 - Alicia Gallery 801 scary hairy/ali073WBP_213362003.jpg,228.61,K
213362 - Alicia Gallery 801 scary hairy/ali073WBP_213362004.jpg,179.23,K
213362 - Alicia Gallery 801 scary hairy/ali073WBP_213362005.jpg,193.64,K
213362 - Alicia Gallery 801 scary hairy/ali073WBP_213362006.jpg,199.8,K
213362 - Alicia Gallery 801 scary hairy/ali073WBP_213362007.jpg,205.25,K
213362 - Alicia Gallery 801 scary hairy/ali073WBP_213362008.jpg,231.52,K
213362 - Alicia Gallery 801 scary hairy/ali073WBP_213362009.jpg,218.18,K
213362 - Alicia Gallery 801 scary hairy/ali073WBP_213362010.jpg,222.52,K
213362 - Alicia Gallery 801 scary hairy/ali073WBP_213362011.jpg,201.97,K
213362 - Alicia Gallery 801 scary hairy/ali073WBP_213362012.jpg,196.15,K
213362 - Alicia Gallery 801 scary hairy/ali073WBP_213362013.jpg,204.98,K
213362 - Alicia Gallery 801 scary hairy/ali073WBP_213362014.jpg,193.34,K
213362 - Alicia Gallery 801 scary hairy/ali073WBP_213362015.jpg,204.6,K
213362 - Alicia Gallery 801 scary hairy/ali073WBP_213362016.jpg,197.76,K
213362 - Alicia Gallery 801 scary hairy/ali073WBP_213362017.jpg,204.53,K
213362 - Alicia Gallery 801 scary hairy/ali073WBP_213362018.jpg,217.39,K
213362 - Alicia Gallery 801 scary hairy/ali073WBP_213362019.jpg,204.89,K
213362 - Alicia Gallery 801 scary hairy/ali073WBP_213362020.jpg,206.92,K
213362 - Alicia Gallery 801 scary hairy/ali073WBP_213362021.jpg,176.54,K
213362 - Alicia Gallery 801 scary hairy/ali073WBP_213362022.jpg,192.15,K
213362 - Alicia Gallery 801 scary hairy/ali073WBP_213362023.jpg,180.83,K
213362 - Alicia Gallery 801 scary hairy/ali073WBP_213362024.jpg,195.37,K
213362 - Alicia Gallery 801 scary hairy/ali073WBP_213362025.jpg,227.88,K
213362 - Alicia Gallery 801 scary hairy/ali073WBP_213362026.jpg,235.2,K
213362 - Alicia Gallery 801 scary hairy/ali073WBP_213362027.jpg,235.38,K
213362 - Alicia Gallery 801 scary hairy/ali073WBP_213362028.jpg,198.2,K
213362 - Alicia Gallery 801 scary hairy/ali073WBP_213362029.jpg,216.03,K
213362 - Alicia Gallery 801 scary hairy/ali073WBP_213362030.jpg,186.9,K
213362 - Alicia Gallery 801 scary hairy/ali073WBP_213362031.jpg,188.18,K
213362 - Alicia Gallery 801 scary hairy/ali073WBP_213362032.jpg,249.76,K
213362 - Alicia Gallery 801 scary hairy/ali073WBP_213362033.jpg,228.44,K
213362 - Alicia Gallery 801 scary hairy/ali073WBP_213362034.jpg,235.31,K
213362 - Alicia Gallery 801 scary hairy/ali073WBP_213362035.jpg,224.69,K
213362 - Alicia Gallery 801 scary hairy/ali073WBP_213362036.jpg,220.27,K
213362 - Alicia Gallery 801 scary hairy/ali073WBP_213362037.jpg,233.5,K
213362 - Alicia Gallery 801 scary hairy/ali073WBP_213362038.jpg,198.42,K
213362 - Alicia Gallery 801 scary hairy/ali073WBP_213362039.jpg,224.29,K
213362 - Alicia Gallery 801 scary hairy/ali073WBP_213362040.jpg,295.28,K
213362 - Alicia Gallery 801 scary hairy/ali073WBP_213362041.jpg,273.2,K
213362 - Alicia Gallery 801 scary hairy/ali073WBP_213362042.jpg,263.56,K
213362 - Alicia Gallery 801 scary hairy/ali073WBP_213362043.jpg,271.67,K
213362 - Alicia Gallery 801 scary hairy/ali073WBP_213362044.jpg,246.81,K
213362 - Alicia Gallery 801 scary hairy/ali073WBP_213362045.jpg,264.17,K
213362 - Alicia Gallery 801 scary hairy/ali073WBP_213362046.jpg,255.95,K
213362 - Alicia Gallery 801 scary hairy/ali073WBP_213362047.jpg,243.05,K
213362 - Alicia Gallery 801 scary hairy/ali073WBP_213362048.jpg,186.09,K
213362 - Alicia Gallery 801 scary hairy/ali073WBP_213362049.jpg,244.77,K
213362 - Alicia Gallery 801 scary hairy/ali073WBP_213362050.jpg,252.32,K
213362 - Alicia Gallery 801 scary hairy/ali073WBP_213362051.jpg,227.6,K
213362 - Alicia Gallery 801 scary hairy/ali073WBP_213362052.jpg,226.33,K
213362 - Alicia Gallery 801 scary hairy/ali073WBP_213362053.jpg,162.56,K
213362 - Alicia Gallery 801 scary hairy/ali073WBP_213362054.jpg,160.05,K
213362 - Alicia Gallery 801 scary hairy/ali073WBP_213362055.jpg,161.97,K
213362 - Alicia Gallery 801 scary hairy/ali073WBP_213362056.jpg,189.67,K
213362 - Alicia Gallery 801 scary hairy/ali073WBP_213362057.jpg,163.74,K
213362 - Alicia Gallery 801 scary hairy/ali073WBP_213362058.jpg,182.44,K
213362 - Alicia Gallery 801 scary hairy/ali073WBP_213362059.jpg,293.9,K
213362 - Alicia Gallery 801 scary hairy/ali073WBP_213362060.jpg,215.75,K
213362 - Alicia Gallery 801 scary hairy/ali073WBP_213362061.jpg,207.33,K
213362 - Alicia Gallery 801 scary hairy/ali073WBP_213362062.jpg,166.31,K
213362 - Alicia Gallery 801 scary hairy/ali073WBP_213362063.jpg,283.46,K
213362 - Alicia Gallery 801 scary hairy/ali073WBP_213362064.jpg,287.5,K
213362 - Alicia Gallery 801 scary hairy/ali073WBP_213362065.jpg,323.76,K
213362 - Alicia Gallery 801 scary hairy/ali073WBP_213362066.jpg,264.63,K
213362 - Alicia Gallery 801 scary hairy/ali073WBP_213362067.jpg,176.06,K
213362 - Alicia Gallery 801 scary hairy/ali073WBP_213362068.jpg,177.55,K
213362 - Alicia Gallery 801 scary hairy/ali073WBP_213362069.jpg,164.11,K
213362 - Alicia Gallery 801 scary hairy/ali073WBP_213362070.jpg,173.86,K
213362 - Alicia Gallery 801 scary hairy/ali073WBP_213362071.jpg,172.36,K
213362 - Alicia Gallery 801 scary hairy/ali073WBP_213362072.jpg,153.07,K
213362 - Alicia Gallery 801 scary hairy/ali073WBP_213362073.jpg,177.81,K
213362 - Alicia Gallery 801 scary hairy/ali073WBP_213362074.jpg,181.73,K
213362 - Alicia Gallery 801 scary hairy/ali073WBP_213362075.jpg,182.29,K
213362 - Alicia Gallery 801 scary hairy/ali073WBP_213362076.jpg,171.93,K
213362 - Alicia Gallery 801 scary hairy/ali073WBP_213362077.jpg,171.11,K
213362 - Alicia Gallery 801 scary hairy/ali073WBP_213362078.jpg,188.57,K
213362 - Alicia Gallery 801 scary hairy/ali073WBP_213362079.jpg,216.87,K
213362 - Alicia Gallery 801 scary hairy/ali073WBP_213362080.jpg,204.67,K
213362 - Alicia Gallery 801 scary hairy/ali073WBP_213362081.jpg,206.87,K
213362 - Alicia Gallery 801 scary hairy/ali073WBP_213362082.jpg,205.29,K
213362 - Alicia Gallery 801 scary hairy/ali073WBP_213362083.jpg,192.67,K
213362 - Alicia Gallery 801 scary hairy/ali073WBP_213362084.jpg,175.86,K
213362 - Alicia Gallery 801 scary hairy/ali073WBP_213362085.jpg,182.92,K
213362 - Alicia Gallery 801 scary hairy/ali073WBP_213362086.jpg,220.65,K
213362 - Alicia Gallery 801 scary hairy/ali073WBP_213362087.jpg,197.4,K
213362 - Alicia Gallery 801 scary hairy/ali073WBP_213362088.jpg,195.65,K
213362 - Alicia Gallery 801 scary hairy/ali073WBP_213362089.jpg,188.76,K
213362 - Alicia Gallery 801 scary hairy/ali073WBP_213362090.jpg,319.66,K
213362 - Alicia Gallery 801 scary hairy/ali073WBP_213362091.jpg,327.27,K
213362 - Alicia Gallery 801 scary hairy/ali073WBP_213362092.jpg,217.05,K
213362 - Alicia Gallery 801 scary hairy/ali073WBP_213362093.jpg,210.16,K
213362 - Alicia Gallery 801 scary hairy/ali073WBP_213362094.jpg,199.29,K
213362 - Alicia Gallery 801 scary hairy/ali073WBP_213362095.jpg,156.37,K
213362 - Alicia Gallery 801 scary hairy/ali073WBP_213362096.jpg,181.36,K
213362 - Alicia Gallery 801 scary hairy/ali073WBP_213362097.jpg,165.17,K
213362 - Alicia Gallery 801 scary hairy/ali073WBP_213362098.jpg,182.19,K
213362 - Alicia Gallery 801 scary hairy/ali073WBP_213362099.jpg,184.6,K
213386 - Alicia Gallery 801 scary hairy/ali073WBP_213386001.jpg,314.76,K
213386 - Alicia Gallery 801 scary hairy/ali073WBP_213386002.jpg,298.66,K
213386 - Alicia Gallery 801 scary hairy/ali073WBP_213386003.jpg,294.92,K
213386 - Alicia Gallery 801 scary hairy/ali073WBP_213386004.jpg,287.92,K
213386 - Alicia Gallery 801 scary hairy/ali073WBP_213386005.jpg,298.44,K
213386 - Alicia Gallery 801 scary hairy/ali073WBP_213386006.jpg,313.23,K
213386 - Alicia Gallery 801 scary hairy/ali073WBP_213386007.jpg,308.36,K
213386 - Alicia Gallery 801 scary hairy/ali073WBP_213386008.jpg,273.31,K
213386 - Alicia Gallery 801 scary hairy/ali073WBP_213386009.jpg,300.75,K
213386 - Alicia Gallery 801 scary hairy/ali073WBP_213386010.jpg,291.83,K
213386 - Alicia Gallery 801 scary hairy/ali073WBP_213386011.jpg,289.82,K
213386 - Alicia Gallery 801 scary hairy/ali073WBP_213386012.jpg,308.98,K
213386 - Alicia Gallery 801 scary hairy/ali073WBP_213386013.jpg,299.74,K
213386 - Alicia Gallery 801 scary hairy/ali073WBP_213386014.jpg,298.89,K
213386 - Alicia Gallery 801 scary hairy/ali073WBP_213386015.jpg,261.19,K
213386 - Alicia Gallery 801 scary hairy/ali073WBP_213386016.jpg,222.66,K
213386 - Alicia Gallery 801 scary hairy/ali073WBP_213386017.jpg,251.38,K
213386 - Alicia Gallery 801 scary hairy/ali073WBP_213386018.jpg,243.65,K
213386 - Alicia Gallery 801 scary hairy/ali073WBP_213386019.jpg,245.8,K
213386 - Alicia Gallery 801 scary hairy/ali073WBP_213386020.jpg,237.45,K
213386 - Alicia Gallery 801 scary hairy/ali073WBP_213386021.jpg,240,K
213386 - Alicia Gallery 801 scary hairy/ali073WBP_213386022.jpg,227.03,K
213386 - Alicia Gallery 801 scary hairy/ali073WBP_213386023.jpg,212.79,K
213386 - Alicia Gallery 801 scary hairy/ali073WBP_213386024.jpg,224.69,K
213386 - Alicia Gallery 801 scary hairy/ali073WBP_213386025.jpg,219.9,K
213386 - Alicia Gallery 801 scary hairy/ali073WBP_213386026.jpg,224.54,K
213386 - Alicia Gallery 801 scary hairy/ali073WBP_213386027.jpg,239.5,K
213386 - Alicia Gallery 801 scary hairy/ali073WBP_213386028.jpg,243.22,K
213386 - Alicia Gallery 801 scary hairy/ali073WBP_213386029.jpg,217.67,K
213386 - Alicia Gallery 801 scary hairy/ali073WBP_213386030.jpg,243.63,K
213386 - Alicia Gallery 801 scary hairy/ali073WBP_213386031.jpg,270.64,K
213386 - Alicia Gallery 801 scary hairy/ali073WBP_213386032.jpg,241.79,K
213386 - Alicia Gallery 801 scary hairy/ali073WBP_213386033.jpg,257.02,K
213386 - Alicia Gallery 801 scary hairy/ali073WBP_213386034.jpg,260.95,K
213386 - Alicia Gallery 801 scary hairy/ali073WBP_213386035.jpg,231.98,K
213386 - Alicia Gallery 801 scary hairy/ali073WBP_213386036.jpg,257.23,K
213386 - Alicia Gallery 801 scary hairy/ali073WBP_213386037.jpg,285.88,K
213386 - Alicia Gallery 801 scary hairy/ali073WBP_213386038.jpg,267.89,K
213386 - Alicia Gallery 801 scary hairy/ali073WBP_213386039.jpg,249.56,K
213386 - Alicia Gallery 801 scary hairy/ali073WBP_213386040.jpg,275.92,K
213386 - Alicia Gallery 801 scary hairy/ali073WBP_213386041.jpg,277.34,K
213386 - Alicia Gallery 801 scary hairy/ali073WBP_213386042.jpg,272.39,K
213386 - Alicia Gallery 801 scary hairy/ali073WBP_213386043.jpg,295.71,K
213386 - Alicia Gallery 801 scary hairy/ali073WBP_213386044.jpg,264.38,K
213386 - Alicia Gallery 801 scary hairy/ali073WBP_213386045.jpg,280.47,K
213386 - Alicia Gallery 801 scary hairy/ali073WBP_213386046.jpg,321.08,K
213386 - Alicia Gallery 801 scary hairy/ali073WBP_213386047.jpg,315.47,K
213386 - Alicia Gallery 801 scary hairy/ali073WBP_213386048.jpg,294.18,K
213386 - Alicia Gallery 801 scary hairy/ali073WBP_213386049.jpg,491.81,K
213386 - Alicia Gallery 801 scary hairy/ali073WBP_213386050.jpg,288.53,K
213386 - Alicia Gallery 801 scary hairy/ali073WBP_213386051.jpg,276.85,K
213386 - Alicia Gallery 801 scary hairy/ali073WBP_213386052.jpg,344.67,K
213386 - Alicia Gallery 801 scary hairy/ali073WBP_213386053.jpg,384.97,K
213386 - Alicia Gallery 801 scary hairy/ali073WBP_213386054.jpg,329.35,K
213386 - Alicia Gallery 801 scary hairy/ali073WBP_213386055.jpg,313.86,K
213386 - Alicia Gallery 801 scary hairy/ali073WBP_213386056.jpg,268.14,K
213386 - Alicia Gallery 801 scary hairy/ali073WBP_213386057.jpg,325.82,K
213386 - Alicia Gallery 801 scary hairy/ali073WBP_213386058.jpg,366.37,K
213386 - Alicia Gallery 801 scary hairy/ali073WBP_213386059.jpg,412.81,K
213386 - Alicia Gallery 801 scary hairy/ali073WBP_213386060.jpg,341.07,K
213386 - Alicia Gallery 801 scary hairy/ali073WBP_213386061.jpg,284.47,K
213386 - Alicia Gallery 801 scary hairy/ali073WBP_213386062.jpg,294.5,K
213386 - Alicia Gallery 801 scary hairy/ali073WBP_213386063.jpg,262.87,K
213386 - Alicia Gallery 801 scary hairy/ali073WBP_213386064.jpg,206.75,K
213386 - Alicia Gallery 801 scary hairy/ali073WBP_213386065.jpg,205.11,K
213386 - Alicia Gallery 801 scary hairy/ali073WBP_213386066.jpg,216.55,K
213386 - Alicia Gallery 801 scary hairy/ali073WBP_213386067.jpg,234.76,K
213386 - Alicia Gallery 801 scary hairy/ali073WBP_213386068.jpg,215.6,K
213386 - Alicia Gallery 801 scary hairy/ali073WBP_213386069.jpg,263.78,K
213386 - Alicia Gallery 801 scary hairy/ali073WBP_213386070.jpg,252.46,K
213386 - Alicia Gallery 801 scary hairy/ali073WBP_213386071.jpg,274.78,K
213386 - Alicia Gallery 801 scary hairy/ali073WBP_213386072.jpg,239.92,K
213386 - Alicia Gallery 801 scary hairy/ali073WBP_213386073.jpg,226.77,K
213386 - Alicia Gallery 801 scary hairy/ali073WBP_213386074.jpg,225.79,K
213386 - Alicia Gallery 801 scary hairy/ali073WBP_213386075.jpg,253.63,K
213386 - Alicia Gallery 801 scary hairy/ali073WBP_213386076.jpg,218.2,K
213386 - Alicia Gallery 801 scary hairy/ali073WBP_213386077.jpg,221.2,K
213386 - Alicia Gallery 801 scary hairy/ali073WBP_213386078.jpg,212.86,K
213386 - Alicia Gallery 801 scary hairy/ali073WBP_213386079.jpg,212.51,K
213386 - Alicia Gallery 801 scary hairy/ali073WBP_213386080.jpg,224.48,K
213386 - Alicia Gallery 801 scary hairy/ali073WBP_213386081.jpg,185.02,K
213386 - Alicia Gallery 801 scary hairy/ali073WBP_213386082.jpg,209.22,K
213386 - Alicia Gallery 801 scary hairy/ali073WBP_213386083.jpg,320.15,K
213386 - Alicia Gallery 801 scary hairy/ali073WBP_213386084.jpg,230.01,K
213386 - Alicia Gallery 801 scary hairy/ali073WBP_213386085.jpg,216.7,K
213386 - Alicia Gallery 801 scary hairy/ali073WBP_213386086.jpg,241.17,K
213386 - Alicia Gallery 801 scary hairy/ali073WBP_213386087.jpg,229.39,K
213386 - Alicia Gallery 801 scary hairy/ali073WBP_213386088.jpg,282.69,K
213386 - Alicia Gallery 801 scary hairy/ali073WBP_213386089.jpg,266.38,K
213386 - Alicia Gallery 801 scary hairy/ali073WBP_213386090.jpg,235.17,K
213386 - Alicia Gallery 801 scary hairy/ali073WBP_213386091.jpg,238.87,K
213386 - Alicia Gallery 801 scary hairy/ali073WBP_213386092.jpg,217.96,K
213386 - Alicia Gallery 801 scary hairy/ali073WBP_213386093.jpg,238.92,K
213386 - Alicia Gallery 801 scary hairy/ali073WBP_213386094.jpg,241,K
213386 - Alicia Gallery 801 scary hairy/ali073WBP_213386095.jpg,243.1,K
213386 - Alicia Gallery 801 scary hairy/ali073WBP_213386096.jpg,229.92,K
213386 - Alicia Gallery 801 scary hairy/ali073WBP_213386097.jpg,297.25,K
213386 - Alicia Gallery 801 scary hairy/ali073WBP_213386098.jpg,238.25,K
213386 - Alicia Gallery 801 scary hairy/ali073WBP_213386099.jpg,243.57,K
213386 - Alicia Gallery 801 scary hairy/ali073WBP_213386100.jpg,247.25,K
213386 - Alicia Gallery 801 scary hairy/ali073WBP_213386101.jpg,242.18,K
213386 - Alicia Gallery 801 scary hairy/ali073WBP_213386102.jpg,230.02,K
213386 - Alicia Gallery 801 scary hairy/ali073WBP_213386103.jpg,212.3,K
213386 - Alicia Gallery 801 scary hairy/ali073WBP_213386104.jpg,214.19,K
213386 - Alicia Gallery 801 scary hairy/ali073WBP_213386105.jpg,225.38,K
213386 - Alicia Gallery 801 scary hairy/ali073WBP_213386106.jpg,247.15,K
213386 - Alicia Gallery 801 scary hairy/ali073WBP_213386107.jpg,258.98,K
213386 - Alicia Gallery 801 scary hairy/ali073WBP_213386108.jpg,203.39,K
