Filename,Size,Unit
Danger-Club-002.cbz,15.44,M
