Title,Type,Files,Size,IMDB,Spoken Languages,Texted Languages,Tags,Quality (+),Quality (-),Uploaded,By,User Type,Seeders,Leechers,Info Hash,Picture,Capture Date
"Penthouse - Nicole Aniston (Hoops, Sex And Sweat 1 The New Girl)",506,1,253.07 MiB (265361336 Bytes),,,,"""xXx"",""Hot"",""blowjobs""",0,0,2012-02-14T13:26:36Z,FluxXxu,[V],7,0,9EE113E92B8D6D12BAB50E1F638C35A7E445BFB0,,2012-09-30T04:56:38Z
