Filename,Size,Unit
ktr.ao30.12.03.31.toni.maddux.nfo,6.93,K
ktr.ao30.12.03.31.toni.maddux.wmv,286.36,M
