Title,Type,Files,Size,IMDB,Spoken Languages,Texted Languages,Tags,Quality (+),Quality (-),Uploaded,By,User Type,Seeders,Leechers,Info Hash,Picture,Capture Date
Dirty Masseur - KIRSTEN PRICE,505,1,1.8 GiB (1932674357 Bytes),,,,,1,0,2012-06-06T13:21:13Z,Bakelitko,[T],18,5,821ADB7D73C03490E2D596FF656D6D9328F8A522,,2012-09-22T13:56:40Z
