Title,Type,Files,Size,IMDB,Spoken Languages,Texted Languages,Tags,Quality (+),Quality (-),Uploaded,By,User Type,Seeders,Leechers,Info Hash,Picture,Capture Date
Corel AfterShot Pro 1.0.1.10 Mac Os X Serials [ChingLiu],302,2,84.6 MiB (88710183 Bytes),,,,,0,0,2012-04-19T12:17:43Z,Ching_Liu,[T],9,1,522EA2544EB87FD246F624D9469D31E84383472A,,2012-09-25T17:44:28Z
