Title,Type,Files,Size,IMDB,Spoken Languages,Texted Languages,Tags,Quality (+),Quality (-),Uploaded,By,User Type,Seeders,Leechers,Info Hash,Picture,Capture Date
The.Girl.in.the.Park.2007.x264.DTS-WAF,207,10,2.06 GiB (2209325857 Bytes),http://www.imdb.com/title/tt0847167/,English,,,0,0,2012-12-13T01:52:55Z,sadbawang,[V],3,0,E195B33975FE36F358B9FA74B61B44A373CD8B57,http://image.bayimg.com/257346f993f48a136bd379bcc36e0e683b14902e.jpg,2013-01-09T12:39:49Z
