Title,Type,Files,Size,IMDB,Spoken Languages,Texted Languages,Tags,Quality (+),Quality (-),Uploaded,By,User Type,Seeders,Leechers,Info Hash,Picture,Capture Date
LatinaSexTapes - Lilly Hall (Before I leave you again)  Septembe,506,1,180.73 MiB (189509965 Bytes),,,,"""Big Dick"",""cock sucking"",""cumshot"",""sex tape""",0,0,2012-09-11T19:13:22Z,macho286,,4,0,56668E6F9825785DBD60062AD7FDDE340026BDCE,,2012-10-03T19:04:31Z
