Filename,Size,Unit
girlz-in-da-hood-6_DVD.WMV,846.35,M
missing scene cassandra curves girlz n da hood 6.mp4,132.94,M
46459.jpg,8.75,K
