Filename,Size,Unit
"Cover, Screens & Sample/1.png",528.04,K
"Cover, Screens & Sample/2.png",587.6,K
"Cover, Screens & Sample/3.png",363.38,K
"Cover, Screens & Sample/4.png",347.04,K
"Cover, Screens & Sample/5.png",634.59,K
"Cover, Screens & Sample/6.png",352.35,K
"Cover, Screens & Sample/7.png",465.28,K
"Cover, Screens & Sample/8.png",287.21,K
"Cover, Screens & Sample/Cover.jpg",249.42,K
"Cover, Screens & Sample/Sample.mkv",6.06,M
READ this before playing the Movie.txt,605,B
Tarbosaurus 2012 BRRip 300MB x264 AAC-VYTO.mkv,299.67,M
Tarbosaurus 2012 BRRip 300MB x264 AAC-VYTO.nfo,3.19,K
www.Torrenting.com.txt,605,B
