Filename,Size,Unit
Enemy Infestation.iso,617.9,M
