Filename,Size,Unit
The.Dark.Knight.Rises.2012.1080p.BluRay.x264-ALLiANCE-DualAudio-highvoltage.mkv,12.54,G
The.Dark.Knight.Rises.2012.1080p.BluRay.x264-ALLiANCE-DualAudio-highvoltage.srt,140.74,K
