Filename,Size,Unit
Amateur Allure - Drew 2.avi,70.09,M
