Filename,Size,Unit
Kidnap.and.Ransom.S02E02.480p.HDTV.x264-mSD.mkv,227,M
