Filename,Size,Unit
jiggly-tstpussy2-cd1.avi,697.61,M
jiggly-tstpussy2-cd2.avi,697.01,M
