Filename,Size,Unit
Gia And Her Fat Ass (2012) [480p].wmv,439.66,M
