Filename,Size,Unit
BigMouthfuls.Jennifer.Dark.Euro.Swallows.Every.Drop.XXX.720p.pornalized.mp4,628.77,M
