Filename,Size,Unit
Sample/youve.been.framed.s19e27.ws.pdtv.x264-c4tv-sample.jpg,53.85,K
Sample/youve.been.framed.s19e27.ws.pdtv.x264-c4tv-sample.mp4,9.1,M
www.speed.cd read me .txt,47,B
www.Speed.cd.txt,47,B
youve.been.framed.s19e27.ws.pdtv.x264-c4tv.nfo,1.88,K
youve.been.framed.s19e27.ws.pdtv.x264-c4tv.r00,19.07,M
youve.been.framed.s19e27.ws.pdtv.x264-c4tv.r01,19.07,M
youve.been.framed.s19e27.ws.pdtv.x264-c4tv.r02,19.07,M
youve.been.framed.s19e27.ws.pdtv.x264-c4tv.r03,19.07,M
youve.been.framed.s19e27.ws.pdtv.x264-c4tv.r04,19.07,M
youve.been.framed.s19e27.ws.pdtv.x264-c4tv.r05,19.07,M
youve.been.framed.s19e27.ws.pdtv.x264-c4tv.r06,19.07,M
youve.been.framed.s19e27.ws.pdtv.x264-c4tv.r07,19.07,M
youve.been.framed.s19e27.ws.pdtv.x264-c4tv.r08,19.07,M
youve.been.framed.s19e27.ws.pdtv.x264-c4tv.r09,1.12,M
youve.been.framed.s19e27.ws.pdtv.x264-c4tv.rar,19.07,M
youve.been.framed.s19e27.ws.pdtv.x264-c4tv.sfv,627,B
