Filename,Size,Unit
Rick Ross Feat Usher - Touch N You.mp3,9.71,M
