Filename,Size,Unit
Abar Byomkesh - Chitra Chor (2012).mp4,675.68,M
Abar Byomkesh - Chitra Chor (2012).jpg,994.68,K
Abar Byomkesh - Chitra Chor (2012).jpeg,314.6,K
