User Type,Username,Date,Text
,andy99999,2012-03-15T09:52Z,been waiting for this film:)
