Title,Type,Files,Size,IMDB,Spoken Languages,Texted Languages,Tags,Quality (+),Quality (-),Uploaded,By,User Type,Seeders,Leechers,Info Hash,Picture,Capture Date
LeakLulz.txt,699,1,90.39 KiB (92559 Bytes),,,,"""Thewikiboat"",""CPPS"",""For The Lulz.""",0,0,2012-06-06T03:08:31Z,Anonymous,,0,1,4890EBEAD3DBCC6E200178017575CFA1758563BE,,2012-09-22T14:31:00Z
