Filename,Size,Unit
sexo-nub-avril-120224.wmv,213.62,M
sexo-nub-avril-120224.wmv.jpg,631.12,K
00_05_54.jpg,53.07,K
