Filename,Size,Unit
divxfactory-bass.wmv,1.24,G
