Filename,Size,Unit
Snoop Lion - Here Comes the King.mp3,7.96,M
