User Type,Username,Date,Text
,captainkhaos1966,2012-12-01T20:11Z,Can you seed this please!!!!
,captainkhaos1966,2012-12-02T03:25Z,"Guess nobody wants to seed this, even the one the uploaded it. Thanks for nothing"
