Title,Type,Files,Size,IMDB,Spoken Languages,Texted Languages,Tags,Quality (+),Quality (-),Uploaded,By,User Type,Seeders,Leechers,Info Hash,Picture,Capture Date
AllOver30.com_12.04.11.Chance,503,122,36.06 MiB (37812838 Bytes),,,,"""All Over 30""",1,0,2012-09-28T11:02:15Z,lazyman333,[T],15,2,083471609401B8A87CA4187B80524C705724AE5D,http://image.bayimg.com/aadjnaaec.jpg,2012-10-05T01:48:03Z
