Filename,Size,Unit
Pics/Bild 2.gif,96.59,K
Pics/Bild 3.jpg,25.98,K
Pics/Bild 1.jpg,9.3,K
Pics/Bild 4.gif,4.73,K
YOUNG.DRACULA.2006.S01E04.WEBrip.Swesub.MP4.AAC-Mr_KeFF.mp4,291.1,M
YOUNG.DRACULA.2006.S01E04.WEBrip.Swesub.MP4.AAC-Mr_KeFF.srt,22.36,K
Mr_KeFF-INFO.txt,3.95,K
