Title,Type,Files,Size,IMDB,Spoken Languages,Texted Languages,Tags,Quality (+),Quality (-),Uploaded,By,User Type,Seeders,Leechers,Info Hash,Picture,Capture Date
Wheeler.Dealers.S11E06.BMW.Isetta.480p.PDTV.x264-SM.mkv,205,1,248.71 MiB (260790403 Bytes),,English,,,1,0,2012-10-25T19:54:57Z,tonyisaac,[V],42,4,97BCD5A9ED6FE36894D13025B29D93AA2BD97B73,,2012-11-26T12:56:31Z
