Filename,Size,Unit
01 A Holly Jolly Christmas.m4a,4.37,M
02 Christmas (Baby Please Come Home).m4a,6.56,M
03 All I Want for Christmas Is You.m4a,7.25,M
04 I'll Be Home for Christmas.m4a,6.85,M
05 This Christmas.m4a,6.82,M
06 The First Noel.m4a,6.89,M
07 On This Winter's Night.m4a,8.22,M
"08 Let It Snow, Let It Snow, Let It.m4a",5.33,M
09 Have Yourself a Merry Little Chri.m4a,8.36,M
10 Silent Night (Lord of My Life).m4a,6.53,M
11 Blue Christmas.m4a,7.53,M
12 Silver Bells.m4a,10.14,M
Digital Booklet - On This Winter's N.pdf,8.02,M
On This Winter's Night.jpg,123.89,K
