Title,Type,Files,Size,IMDB,Spoken Languages,Texted Languages,Tags,Quality (+),Quality (-),Uploaded,By,User Type,Seeders,Leechers,Info Hash,Picture,Capture Date
DivineBitches----DiB-26539 Aiden Starr and Mike de Marko MP4,505,151,1.9 GiB (2040095612 Bytes),,,,,0,0,2013-01-03T08:05:14Z,merzedes,[V],10,8,DB678F9D9F90C42C8E867BB15C503A3BBFCFB07C,http://image.bayimg.com/96776aae62eb731bf0529d5c29c0a9b8088a67de.jpg,2013-01-11T10:03:33Z
