Filename,Size,Unit
05. Mother Protect.mp3,11.83,M
16. Taylor (2009 Island Sessions).mp3,11.78,M
03. In Our Eyes.mp3,11.72,M
14. The Drummer (First Demo).mp3,10.56,M
11. The Fox.mp3,10.07,M
10. Winterheart.mp3,9.58,M
09. Dj Ease My Mind.mp3,9.45,M
12. Under The Bridges.mp3,9.29,M
13. All This Youth.mp3,9.23,M
02. The Drummer.mp3,9.2,M
01. Tomorrow.mp3,9.04,M
08. Love To The Test.mp3,8.87,M
15. Everybody's Talking.mp3,8.86,M
04. The Gentle Roar.mp3,8.72,M
06. Last Night.mp3,7.78,M
07. Somebody.mp3,6.7,M
