Title,Type,Files,Size,IMDB,Spoken Languages,Texted Languages,Tags,Quality (+),Quality (-),Uploaded,By,User Type,Seeders,Leechers,Info Hash,Picture,Capture Date
Hello.Goodbye.S14E06.NL.x264-SHOWGEMiST,205,7,304.58 MiB (319378400 Bytes),,Dutch,,"""dutch""",0,0,2012-12-21T17:54:08Z,Petey85,[V],0,3,2BC935F965303CC8F197CEC67C5D9F0C94A8E320,,2013-01-10T14:03:33Z
