Filename,Size,Unit
Left Wing 2012.avi,799.88,M
