Title,Type,Files,Size,IMDB,Spoken Languages,Texted Languages,Tags,Quality (+),Quality (-),Uploaded,By,User Type,Seeders,Leechers,Info Hash,Picture,Capture Date
JaydenJaymes.12.09.09.Jayden.Jaymes.Scandalous.XXX.HR.WMV-YAPG,599,3,175.02 MiB (183526393 Bytes),,,,"""Solo"",""Masturbation""",0,0,2013-01-03T17:55:06Z,R0thschild,[V],8,4,55365A7E0006156E0F1CD96374EA5B62FEFE0A84,,2013-01-11T11:02:26Z
