Filename,Size,Unit
MLB.2012.NL.RS.2012.06.13.Astros@Giants.720p.G2.mkv,4.32,G
