Filename,Size,Unit
Desperate.Housewives.S08E17.HDTV.x264-LOL.[VTV].mp4,228.38,M
