Title,Type,Files,Size,IMDB,Spoken Languages,Texted Languages,Tags,Quality (+),Quality (-),Uploaded,By,User Type,Seeders,Leechers,Info Hash,Picture,Capture Date
National.Geographic.Wild.Return.Of.The.Clouded.Leopards.HDTV.Xvi,205,4,376.95 MiB (395259780 Bytes),,,,,0,0,2012-06-30T11:09:13Z,TvTeam,[V],2,0,CBB4A14AFE457245531050C39BC63D37053E9EFF,,2012-09-21T00:06:36Z
