Filename,Size,Unit
Hart.an.der.Grenze.xxx.avi.xvid.porn4live.avi,749.64,M
coverhadg.jpg,154.17,K
