Filename,Size,Unit
china.il.s01e09.hdtv.xvid-fqm.avi,100.08,M
china.il.s01e09.hdtv.xvid-fqm.nfo,8.5,K
First Read This Guide.txt,472,B
www.Torrentday.com.txt,472,B
