Filename,Size,Unit
CD/01. Fire.mp3,7.7,M
CD/02. This is War.mp3,7.63,M
CD/03. Do It Now.mp3,7.54,M
CD/04. I'm Through.mp3,7.95,M
CD/05. Blood Brothers.mp3,7.37,M
CD/06. Black and Blue.mp3,8.32,M
CD/07. Ribbons.mp3,7.93,M
CD/08. How We Love.mp3,8.18,M
CD/09. Palm of Your Hand.mp3,7.35,M
CD/10. Ghost.mp3,9.25,M
CD/11. In the Sea.mp3,7.59,M
CD/12. Keep Warm.mp3,7.61,M
CD/13. End of World.mp3,8.75,M
CD/14. Live It With Love.mp3,7,M
CD/15. Blood Brothers [Home Recording].mp3,7.15,M
CD/16. Ribbons [Home Recording].mp3,7.27,M
CD/17. End of The World [Live From 2011 ASCAP Expo].mp3,9.58,M
CD/Ingrid Michaelson - Human Again.m3u,1.23,K
CD/Ingrid Michaelson - Human Again.mp3.cue,1.67,K
