Title,Type,Files,Size,IMDB,Spoken Languages,Texted Languages,Tags,Quality (+),Quality (-),Uploaded,By,User Type,Seeders,Leechers,Info Hash,Picture,Capture Date
Jitka_Branich - Jitka - Branichova - Lilly A_blue-dress_1200,503,92,27.63 MiB (28972875 Bytes),,,,"""Jitka"",""Branich"",""Branichova"",""Lilly A""",0,0,2012-09-28T21:24:01Z,genowefa,,5,2,9DE1A58FE7346A79ECCDF38FFBDB51A524760059,http://image.bayimg.com/pademaaee.jpg,2012-10-05T02:49:33Z
