Filename,Size,Unit
Nikki Sexx and Nicki Hunter - Let's Lick The Landlord [480p].mp4,355.38,M
