Filename,Size,Unit
Serina - A Talented Schoolgirl.wmv,2.67,G
