User Type,Username,Date,Text
,pir8s007,2012-07-27T11:04Z,Damn Excellent job man!!!! 
,Lenchanteurmerlin,2012-07-27T11:37Z,"I agree.  A thank you is deserved.  Keep up the good work man, please."
,amazondude,2012-07-27T17:00Z,Thank you.
