Filename,Size,Unit
Situations.mp3,4.36,M
Make Up.mp3,4.1,M
Cover.JPG,28.12,K
