Title,Type,Files,Size,IMDB,Spoken Languages,Texted Languages,Tags,Quality (+),Quality (-),Uploaded,By,User Type,Seeders,Leechers,Info Hash,Picture,Capture Date
"I Only Love Hookers, Scene 1",501,1,207.09 MiB (217144380 Bytes),,,,"""Cunnilingus"",""Gonzo"",""Middle Eastern"",""One-on-One"",""Oral"",""Sex Toys"",""Straight Sex"",""Tattooed""",0,0,2012-03-21T05:01:05Z,adultvideotorrents,[V],1,0,9A5CE5EC4B06EF43FD62E275B09598C70214037C,,2012-09-27T19:45:38Z
