User Type,Username,Date,Text
[H],tykoon123,2012-07-20T09:03Z,Seed and Enjoy :)
,monug9,2012-07-23T13:00Z,"Thanks 4 all u r files, The Dictator DVD print pls"
,stenchtrench,2012-07-25T10:50Z,nigger movie
,austinhhh,2012-07-27T07:00Z,"Do you take requests?

Dark Knight rises please"
