Filename,Size,Unit
Los.Vengadores.DVDR.[Eng-Spa].[www.MoviesDVDR.com].iso,4.36,G
