Filename,Size,Unit
Cover & Label/Oorlogswinter label.jpg,1.41,M
Cover & Label/Oorlogswinter cover.jpg,182.32,K
Cover & Label/Oorlogswinter poster.jpg,21.81,K
Cover & Label/Blacksam.jpg,13.1,K
INFO TBS/Blacksam.jpg,13.1,K
INFO TBS/Oorlogswinter  INFORMATIE .txt,1.55,K
INFO TBS/Kom eens kijken op Black-Sam.org  .txt,124,B
INFO TBS/Torrent_downloaded_from_AhaShare.com.txt,107,B
INFO TBS/Tracked by Deemtrack.txt,83,B
INFO TBS/Torrent downloaded from Demonoid.com.txt,47,B
INFO TBS/Torrent Downloaded from SilverTorrents.me.txt,41,B
INFO TBS/tracked By movie-torrentz.txt,36,B
INFO TBS/Tracked by H33T.com.txt,19,B
VIDEO TS/VTS_01_1.VOB,1024,M
VIDEO TS/VTS_01_2.VOB,1024,M
VIDEO TS/VTS_01_3.VOB,1024,M
VIDEO TS/VTS_01_4.VOB,1024,M
VIDEO TS/VTS_01_0.VOB,139.33,M
VIDEO TS/VTS_01_5.VOB,119.7,M
VIDEO TS/VTS_02_1.VOB,100.86,M
VIDEO TS/VTS_03_1.VOB,6.52,M
VIDEO TS/VIDEO_TS.VOB,1.34,M
VIDEO TS/VTS_01_0.IFO,86,K
VIDEO TS/VTS_01_0.BUP,86,K
VIDEO TS/VTS_02_0.IFO,18,K
VIDEO TS/VTS_02_0.BUP,18,K
VIDEO TS/VIDEO_TS.BUP,14,K
VIDEO TS/VIDEO_TS.IFO,14,K
VIDEO TS/VTS_03_0.IFO,12,K
VIDEO TS/VTS_03_0.BUP,12,K
VIDEO TS/VTS_02_0.VOB,10,K
