User Type,Username,Date,Text
,cooldude187,2012-12-12T07:58Z,Enjoy & seed :
,Cerebral222,2012-12-15T18:44Z,"Thanks, works perfectly, +1, Cheers."
