Filename,Size,Unit
02.J Majik & Wickaman - Hologram.mp3,15.83,M
04.J Majik & Wickaman - Talk to Me.mp3,15.08,M
03.J Majik & Wickaman - Shift Control.mp3,12.02,M
01.J Majik & Wickaman - Don't Go feat. Keri Greenaway.mp3,9.55,M
