Title,Type,Files,Size,IMDB,Spoken Languages,Texted Languages,Tags,Quality (+),Quality (-),Uploaded,By,User Type,Seeders,Leechers,Info Hash,Picture,Capture Date
Hirens.BootCD.15.1 [by fL0wz],301,319,546.84 MiB (573402029 Bytes),,,,,0,0,2012-03-06T22:44:17Z,Dragons7070,,0,4,FB681D97E238A2D0244402909743D327F8CD0D3D,,2012-09-28T19:17:19Z
