Title,Type,Files,Size,IMDB,Spoken Languages,Texted Languages,Tags,Quality (+),Quality (-),Uploaded,By,User Type,Seeders,Leechers,Info Hash,Picture,Capture Date
The Schuke organ of St. Thomas Church in Leipzig - 1984 vinyl di,104,5,895.99 MiB (939517246 Bytes),,,,"""bach"",""organ"",""lossless""",0,0,2012-09-22T16:01:29Z,Anonymous,,1,1,17063B5E1B1FAC044D0451E00365F65ACDFE208D,,2012-10-04T14:54:05Z
