Filename,Size,Unit
v200089-199.mp4,260.71,M
