Filename,Size,Unit
Shame.avi,728.71,M
