Filename,Size,Unit
Bullet Proof Nigga (Speed Freaks).mp3,3.73,M
