Filename,Size,Unit
Read this before playing this Video.txt,222,B
Sample/the.gruffalos.child.2011.dvdrip.xvid-unveil-sample.avi,20.19,M
the.gruffalos.child.2011.dvdrip.xvid-unveil.jpg,6.78,K
the.gruffalos.child.2011.dvdrip.xvid-unveil.nfo,563,B
the.gruffalos.child.2011.dvdrip.xvid-unveil.r00,14.31,M
the.gruffalos.child.2011.dvdrip.xvid-unveil.r01,14.31,M
the.gruffalos.child.2011.dvdrip.xvid-unveil.r02,14.31,M
the.gruffalos.child.2011.dvdrip.xvid-unveil.r03,14.31,M
the.gruffalos.child.2011.dvdrip.xvid-unveil.r04,14.31,M
the.gruffalos.child.2011.dvdrip.xvid-unveil.r05,14.31,M
the.gruffalos.child.2011.dvdrip.xvid-unveil.r06,14.31,M
the.gruffalos.child.2011.dvdrip.xvid-unveil.r07,14.31,M
the.gruffalos.child.2011.dvdrip.xvid-unveil.r08,14.31,M
the.gruffalos.child.2011.dvdrip.xvid-unveil.r09,14.31,M
the.gruffalos.child.2011.dvdrip.xvid-unveil.r10,14.31,M
the.gruffalos.child.2011.dvdrip.xvid-unveil.r11,14.31,M
the.gruffalos.child.2011.dvdrip.xvid-unveil.r12,14.31,M
the.gruffalos.child.2011.dvdrip.xvid-unveil.r13,14.31,M
the.gruffalos.child.2011.dvdrip.xvid-unveil.r14,14.31,M
the.gruffalos.child.2011.dvdrip.xvid-unveil.r15,14.31,M
the.gruffalos.child.2011.dvdrip.xvid-unveil.r16,14.31,M
the.gruffalos.child.2011.dvdrip.xvid-unveil.r17,14.31,M
the.gruffalos.child.2011.dvdrip.xvid-unveil.r18,14.31,M
the.gruffalos.child.2011.dvdrip.xvid-unveil.r19,14.31,M
the.gruffalos.child.2011.dvdrip.xvid-unveil.r20,14.31,M
the.gruffalos.child.2011.dvdrip.xvid-unveil.r21,14.31,M
the.gruffalos.child.2011.dvdrip.xvid-unveil.r22,14.31,M
the.gruffalos.child.2011.dvdrip.xvid-unveil.r23,9.61,M
the.gruffalos.child.2011.dvdrip.xvid-unveil.rar,14.31,M
the.gruffalos.child.2011.dvdrip.xvid-unveil.sfv,1.42,K
Torrent have been downloaded from Scenetime.com.txt,222,B
