Filename,Size,Unit
The_Columbus_Dispatch_20120506.pdf,76.32,M
Torrent downloaded from Demonoid%2eme.txt,46,B
