Title,Type,Files,Size,IMDB,Spoken Languages,Texted Languages,Tags,Quality (+),Quality (-),Uploaded,By,User Type,Seeders,Leechers,Info Hash,Picture,Capture Date
Kinobe - Versebridgechorus?,101,12,92.31 MiB (96794427 Bytes),,,,"""Kinobe"",""Versebridgechorus"",""Versebridgechorus?""",0,0,2012-04-22T19:20:43Z,Anonymous,,0,1,74EFF354976F36784F5064E96CC93F5A0F73E993,,2012-09-25T12:28:57Z
