Title,Type,Files,Size,IMDB,Spoken Languages,Texted Languages,Tags,Quality (+),Quality (-),Uploaded,By,User Type,Seeders,Leechers,Info Hash,Picture,Capture Date
vso DvD Converter Ultimate 1.4.0.8 + serial,301,22,25.08 MiB (26302866 Bytes),,,,"""vso"",""DvD"",""Converter"",""Ultimate"",""1.4.0.8""",0,0,2012-05-11T17:29:25Z,Sirrobinn,,6,0,D827FA109B57302BF817968E7C0D3091D12DB296,http://image.bayimg.com/maojnaadi.jpg,2012-09-24T07:03:49Z
