Title,Type,Files,Size,IMDB,Spoken Languages,Texted Languages,Tags,Quality (+),Quality (-),Uploaded,By,User Type,Seeders,Leechers,Info Hash,Picture,Capture Date
"[BoundGangBangs] Nicole Rider (Brand New Girl Gets Tied up, Gang",506,1,434.6 MiB (455711112 Bytes),,,,,0,0,2012-04-19T07:47:43Z,chkm8te,[V],11,1,D8154CF36D5E6FCE10D884B5C66C8FC40EDD66BB,,2012-09-25T17:57:48Z
