Filename,Size,Unit
"Apress Beginning iPhone and iPad Web Apps, Scripting with HTML5 CSS3 and JavaScript (2010).zip",11.57,M
