Filename,Size,Unit
The game.mp4,1.1,G
