Filename,Size,Unit
Paan Singh Tomar (2012) Pre-DVD Rip AVC x264 AAC.mkv,463.44,M
paan singh tomar info.txt,484,B
