Title,Type,Files,Size,IMDB,Spoken Languages,Texted Languages,Tags,Quality (+),Quality (-),Uploaded,By,User Type,Seeders,Leechers,Info Hash,Picture,Capture Date
FuckingMachines----FM-27007 Krissy Lynn MP4 720p,505,127,975.45 MiB (1022830356 Bytes),,,,,0,0,2012-11-22T08:26:27Z,merzedes,[V],23,5,D8CBE561E89F77D8C857A383C8E35C292217D3CE,http://image.bayimg.com/d8fb771d59ed7bec7f3034dc7aa30f601c0d63ab.jpg,2012-12-02T22:45:01Z
