Title,Type,Files,Size,IMDB,Spoken Languages,Texted Languages,Tags,Quality (+),Quality (-),Uploaded,By,User Type,Seeders,Leechers,Info Hash,Picture,Capture Date
[720p].BoundGangBangs.-.Chastity.Lynn,505,1,861.35 MiB (903189290 Bytes),,,,,0,0,2012-05-03T17:20:52Z,exmnova,[T],19,1,E3D85372762C5E6B33735641743365636886786E,,2012-09-24T18:39:52Z
