Filename,Size,Unit
Private.Practice.S05E13.HDTV.XviD-LOL.subtitulado.avi,348.99,M
