Filename,Size,Unit
American Gangster - Latino.iso,7.56,G
American Gangster Latino.jpg,324.13,K
