Filename,Size,Unit
2008-11-28 Karina's Kitchen.wmv,451.02,M
