Filename,Size,Unit
American History X - 1998.jpg,59.29,K
"American History X,1998,BRRip,Sub Arabic-ToZoon.AVI",1.8,G
ÙÙÙØ¹Ù ÙÙØ£ÙÙØ§Ù Ø§ÙØªÙØ±ÙÙØª.txt,181,B
