Filename,Size,Unit
README.txt,682,B
"The New Rules of Lifting for Women- Lift Like a Man, Look Like a Goddess.epub",2.11,M
VISIT ME ON FACEBOOK.txt,89,B
