Title,Type,Files,Size,IMDB,Spoken Languages,Texted Languages,Tags,Quality (+),Quality (-),Uploaded,By,User Type,Seeders,Leechers,Info Hash,Picture,Capture Date
Highway Hoes 4 (Pink Visual),501,1,1.32 GiB (1412195525 Bytes),,,,"""All Sex"",""Anal"",""Hardcore"",""Oral""",0,0,2012-12-08T16:40:56Z,R0thschild,[V],1,0,8EBB145B39B1B54746132B58A2B2B6F9BD50E63C,,2013-01-09T04:00:31Z
