Filename,Size,Unit
ktr.km.12.04.26.renewing.our.vows.wmv,235.58,M
