Filename,Size,Unit
17x01 La hoguera de los Manaties.mp4,46.32,M
17x02 La nia que dormia muy poco.mp4,45.52,M
17x03 Milhouse de Arena y Niebla.mp4,46.14,M
17x04 La Casita del Horror XVI.mp4,46.72,M
17x05 El Envenenamiento del Hijo de Marge.mp4,46.23,M
17x06 Homero se Postula.mp4,46.07,M
17x07 Los Dulces Tomates Rojos.mp4,45.87,M
17x08 Bob el Italiano.mp4,47.2,M
17x09 Historia de Navidad de Los Simpsons.mp4,47.39,M
17x10 El padre de Homero.mp4,47.39,M
17x11 En el Camino a Ninguna Parte.mp4,45.92,M
17x12 Mi Bello Jardinero.mp4,45.28,M
17x13 Historia Aparentemente Sin Final.mp4,45.6,M
17x14 Bart Tiene dos Mamas.mp4,45.57,M
"17x15 Homero Simpson, esta es tu Esposa.mp4",43.98,M
17x16 El Abuelo del Millon de Dolares.mp4,45.61,M
17x17 Adios a la India.mp4,45.67,M
17x18 Las historias mas mojadas jamas contadas.mp4,45.76,M
17x19 Las Chicas Solo Quieren Sumar.mp4,45.66,M
17x20 Hablando de Marge.mp4,45.28,M
17x21 El Traje de Simio.mp4,44.97,M
17x22 Juego de Parejas con Marge y Homero.mp4,45.62,M
Los Simpsons Temporada 17.jpg,509.18,K
