Filename,Size,Unit
Olympics_ London 2012_ BBC Three_ Day 8_ 14.00-19.00.mp4.flv,1.06,G
Olympics_ London 2012_ BBC Three_ Day 8_ 9.00-14.00.mp4.flv,1.06,G
Olympics_ London 2012_ BBC One_ Day 8_ 13.15-17.00.mp4.flv,741.28,M
Olympics_ London 2012_ BBC One_ Day 8_ 08.45-11.20.mp4.flv,501.72,M
Olympics_ London 2012_ BBC One_ Day 8_ 11.20-13.00.mp4.flv,323.57,M
Olympics_ London 2012_ BBC One_ Day 8_ 17.15-18.50.mp4.flv,271.64,M
Olympics Tonight_ London 2012_ Day 8.mp4.flv,259.97,M
Tracker BY SportzTorrent.com.txt,0,B
