Title,Type,Files,Size,IMDB,Spoken Languages,Texted Languages,Tags,Quality (+),Quality (-),Uploaded,By,User Type,Seeders,Leechers,Info Hash,Picture,Capture Date
03-15-12 - Katrina Bowden Cheeky Photoshoot for Maxim Australia ,603,1,6.33 MiB (6638289 Bytes),,,,"""Katrina"",""Bowden"",""Sexy"",""Photoshoot""",0,0,2012-03-15T22:48:28Z,FemCelebrity,,1,0,76890134A47530AE7260D0C3FCFAC50EE4ADA495,http://image.bayimg.com/oanamaadf.jpg,2012-09-28T03:26:28Z
