Filename,Size,Unit
Noah Gordon - El medico (v1.3A).epub,1.22,M
