Filename,Size,Unit
The.Avengers.2012.Sci.Fi.HD.TS2DVD.NTSC.DD5.1.NL.Subs.nfo,790,B
The.Avengers.2012.Sci.Fi.HD.TS2DVD.NTSC.DD5.1.NL.Subs/The.Avengers.2012.Sci.Fi.HD.TS2DVD.NTSC.DD5.1.NL.Subs.iso,4.36,G
Torrent downloaded from AhaShare.com.txt,58,B
Torrent downloaded from Demonoid.me.txt,46,B
Torrent Downloaded From ExtraTorrent.com.txt,353,B
Torrent downloaded from Rarbg.com.txt,33,B
Torrent downloaded from silvertorrents.me.txt,29,B
Torrent Downloaded from TorrentState.com.txt,46,B
tracked_by_h33t_com.txt,23,B
