Filename,Size,Unit
Violine_02_-_The_Evil_Eye.cbr,30.23,M
