Title,Type,Files,Size,IMDB,Spoken Languages,Texted Languages,Tags,Quality (+),Quality (-),Uploaded,By,User Type,Seeders,Leechers,Info Hash,Picture,Capture Date
Big Breast Nurses 3 XXX DVDRip mp4,501,5,1.77 GiB (1902026212 Bytes),,,,,0,0,2012-06-12T18:01:24Z,RockSaltS,[T],8,7,CFC2FBD4C2CE7BD68B83FBB1ECF0D64B72AE3F6C,,2012-09-22T04:55:22Z
