Title,Type,Files,Size,IMDB,Spoken Languages,Texted Languages,Tags,Quality (+),Quality (-),Uploaded,By,User Type,Seeders,Leechers,Info Hash,Picture,Capture Date
Oh.Oh.Europa.S01E41.NL.x264-SHOWGEMiST,205,3,214.68 MiB (225103607 Bytes),,Dutch,,"""dutch""",0,0,2012-10-23T14:07:27Z,Petey85,[V],0,0,DA6CB7960F391B0378B8A933E725247D1409B1D5,,2012-11-26T09:16:09Z
