Title,Type,Files,Size,IMDB,Spoken Languages,Texted Languages,Tags,Quality (+),Quality (-),Uploaded,By,User Type,Seeders,Leechers,Info Hash,Picture,Capture Date
"Baby Got Boobs: Capri Cavalli, Jessica Moore [HD 1080]",505,4,3.27 GiB (3507041866 Bytes),,,,"""porn hd threesome fuck""",1,0,2012-06-28T23:48:15Z,ck14111,,4,3,C545AE2EEFCA7B315D6917287179F68504B284BC,http://image.bayimg.com/fapgaaadg.jpg,2012-09-21T02:38:50Z
