Filename,Size,Unit
Otro mundo1x05[inaki].avi,510.24,M
Otro mundo1x08[inaki].avi,509.46,M
Otro mundo1x06[inaki].avi,509.3,M
Otro mundo1x07[inaki].avi,509.1,M
