User Type,Username,Date,Text
,Leeski,2012-07-02T16:13Z,"hey guys, love ur work. i think 90% of my DLs come from sceneline. Anyways, any chance you have more episodes of any if not all seasons in 720 mkv? thanks"
