Filename,Size,Unit
Bonus Disc/01 Flying Fingers (featuring Oz Noy & Nels Cline).mp3,34.84,M
Bonus Disc/05 Marching Bag Movement 4.mp3,18.69,M
11 Lotus.mp3,17.86,M
Bonus Disc/04 Marching Bag Movement 3.mp3,16.28,M
06 People People.mp3,13.73,M
Bonus Disc/03 Marching Bag Movement 2.mp3,13.21,M
05 Smooth Fandango.mp3,13.14,M
07 Wild Dogs.mp3,12.83,M
03 Dreamer.mp3,12.41,M
02 Teaser.mp3,12.25,M
09 Sugar Shack.mp3,11.37,M
01 The Grind.mp3,10.62,M
10 Crazed Fandango.mp3,10.41,M
08 Homeward Strut.mp3,9.07,M
Bonus Disc/02 Marching Bag Movement 1.mp3,8.39,M
04 Savannah Woman.mp3,8.34,M
