Filename,Size,Unit
four.in.a.bed.s03e05.hdtv.x264-c4tv.nfo,2.14,K
four.in.a.bed.s03e05.hdtv.x264-c4tv.r00,19.07,M
four.in.a.bed.s03e05.hdtv.x264-c4tv.r01,19.07,M
four.in.a.bed.s03e05.hdtv.x264-c4tv.r02,19.07,M
four.in.a.bed.s03e05.hdtv.x264-c4tv.r03,19.07,M
four.in.a.bed.s03e05.hdtv.x264-c4tv.r04,19.07,M
four.in.a.bed.s03e05.hdtv.x264-c4tv.r05,19.07,M
four.in.a.bed.s03e05.hdtv.x264-c4tv.r06,19.07,M
four.in.a.bed.s03e05.hdtv.x264-c4tv.r07,8.35,M
four.in.a.bed.s03e05.hdtv.x264-c4tv.rar,19.07,M
four.in.a.bed.s03e05.hdtv.x264-c4tv.sfv,450,B
Sample/four.in.a.bed.s03e05.hdtv.x264-c4tv-sample.mp4,7.14,M
www.speed.cd read me .txt,47,B
www.Speed.cd.txt,47,B
