Filename,Size,Unit
READ this before playing the Movie.txt,605,B
Sample.avi,5.32,M
Seven.Psychopaths.2012.SYNCED.DVDRip.R5.XViD-TiCKLE.TiME.avi,1.32,G
Seven.Psychopaths.2012.SYNCED.DVDRip.R5.XViD-TiCKLE.TiME.nfo,5.91,K
www.Torrenting.com.txt,605,B
