Filename,Size,Unit
aida64extreme_build_1847_lcsxfgtjmz.zip,13.31,M
Lz0/keygen.exe,284,K
Linezer0.nfo,24.77,K
Read Me.txt,12.92,K
file_id.diz,509,B
