Filename,Size,Unit
Elite Pain - Bid for Pain (HD).mp4,801.07,M
