Filename,Size,Unit
09_Gerald Walker - that Thing in Your Chest Doesnt Beat. it Counts Down F. Jack Freeman-Djleak.com.mp3,12.05,M
13_Trina Ft Kid Cadet and Vinny Venditto - Outer Space-Djleak.com.mp3,10.06,M
03_Miguel - Broads-Djleak.com.mp3,9.83,M
02_Miguel - All-Djleak.com.mp3,9.2,M
12_Yelawolf - Thank You Freestyle-Djleak.com.mp3,8.98,M
01_Miguel - Arch N Point-Djleak.com.mp3,6.82,M
07_French Montana Ft Maino - Drop A Gem on Em (No Shout)-Djleak.com.mp3,6.78,M
05_Chamillionaire - Hands on the Wheel (Freestyle)-Djleak.com.mp3,6,M
04_Audio Push - Wassup-Djleak.com.mp3,3.97,M
06_Chris Brown Ft Tank - Fuck the City Up (Final)-Djleak.com.mp3,3.88,M
08_Audra the Rapper - Fresh Prince Ft Rocki Evans-Djleak.com.mp3,3.85,M
14_Twista - Gucci Louis Prada-Djleak.com.mp3,3.59,M
11_Pitbull - Back in Time-Djleak.com.mp3,3.33,M
10_Meek Mill - Im Rollin (Fresh Den A at)-Djleak.com.mp3,3.31,M
Djleak.com .jpg,181.34,K
00. Djleak.com .jpg,181.34,K
00_VA -03-27-12 Djleak.Com Hip-Hop-Rnb Singles-2012-DjLeak.sfv,4.44,K
00_VA -03-27-12 Djleak.Com Hip-Hop-Rnb Singles-2012-DjLeak.nfo,2.09,K
00_VA -03-27-12 Djleak.Com Hip-Hop-Rnb Singles-2012-DjLeak.m3u,790,B
