Filename,Size,Unit
csÃ¡ pari.txt,60,B
