Filename,Size,Unit
df-cglid.mp4,670.4,M
