Filename,Size,Unit
9178_01_720p.mp4,944.04,M
9178_02_720p.mp4,1.03,G
9178_03_720p.mp4,841.39,M
9178_04_720p.mp4,975.42,M
9178_05_720p.mp4,896.55,M
9178_11_720p.mp4,235.98,M
9178_12_720p.mp4,120.32,M
