Title,Type,Files,Size,IMDB,Spoken Languages,Texted Languages,Tags,Quality (+),Quality (-),Uploaded,By,User Type,Seeders,Leechers,Info Hash,Picture,Capture Date
lacynylons_g576_Dolores.wmv,506,1,303.07 MiB (317788189 Bytes),,,,,0,0,2012-03-07T08:56:02Z,dodgerblue,[T],2,1,E9568B34A965ECE0E93EA94235688A34AC60AF66,,2012-09-28T18:34:16Z
