Filename,Size,Unit
Nero-7.10.1.2_all_update.exe,332.32,M
keygen.exe,121,K
KID DOWNLOAD.url,3.63,K
