Title,Type,Files,Size,IMDB,Spoken Languages,Texted Languages,Tags,Quality (+),Quality (-),Uploaded,By,User Type,Seeders,Leechers,Info Hash,Picture,Capture Date
Ny -- Trophy Boy (2012.RnB),203,1,91.14 MiB (95567913 Bytes),,,,,0,0,2012-09-15T18:18:22Z,MeRaDil,[V],4,1,DB240E99DF3963169A80BC3033E9AFF521571ECD,http://image.bayimg.com/aaccpaaef.jpg,2012-10-04T03:03:16Z
