Filename,Size,Unit
Covers/ph626mabdac.jpg,192.16,K
MetArt_Enticing_Dary-A_by_Rylsky_high_0001.jpg,2.33,M
MetArt_Enticing_Dary-A_by_Rylsky_high_0002.jpg,1.95,M
MetArt_Enticing_Dary-A_by_Rylsky_high_0003.jpg,1.94,M
MetArt_Enticing_Dary-A_by_Rylsky_high_0004.jpg,1.97,M
MetArt_Enticing_Dary-A_by_Rylsky_high_0005.jpg,1.9,M
MetArt_Enticing_Dary-A_by_Rylsky_high_0006.jpg,1.86,M
MetArt_Enticing_Dary-A_by_Rylsky_high_0007.jpg,2.08,M
MetArt_Enticing_Dary-A_by_Rylsky_high_0008.jpg,1.96,M
MetArt_Enticing_Dary-A_by_Rylsky_high_0009.jpg,2.27,M
MetArt_Enticing_Dary-A_by_Rylsky_high_0010.jpg,2.46,M
MetArt_Enticing_Dary-A_by_Rylsky_high_0011.jpg,2.72,M
MetArt_Enticing_Dary-A_by_Rylsky_high_0012.jpg,2.12,M
MetArt_Enticing_Dary-A_by_Rylsky_high_0013.jpg,1.85,M
MetArt_Enticing_Dary-A_by_Rylsky_high_0014.jpg,1.57,M
MetArt_Enticing_Dary-A_by_Rylsky_high_0015.jpg,1.82,M
MetArt_Enticing_Dary-A_by_Rylsky_high_0016.jpg,1.92,M
MetArt_Enticing_Dary-A_by_Rylsky_high_0017.jpg,1.82,M
MetArt_Enticing_Dary-A_by_Rylsky_high_0018.jpg,1.67,M
MetArt_Enticing_Dary-A_by_Rylsky_high_0019.jpg,1.29,M
MetArt_Enticing_Dary-A_by_Rylsky_high_0020.jpg,1.87,M
MetArt_Enticing_Dary-A_by_Rylsky_high_0021.jpg,1.38,M
MetArt_Enticing_Dary-A_by_Rylsky_high_0022.jpg,1.41,M
MetArt_Enticing_Dary-A_by_Rylsky_high_0023.jpg,1.53,M
MetArt_Enticing_Dary-A_by_Rylsky_high_0024.jpg,1.74,M
MetArt_Enticing_Dary-A_by_Rylsky_high_0025.jpg,1.71,M
MetArt_Enticing_Dary-A_by_Rylsky_high_0026.jpg,1.66,M
MetArt_Enticing_Dary-A_by_Rylsky_high_0027.jpg,1.78,M
MetArt_Enticing_Dary-A_by_Rylsky_high_0028.jpg,2.21,M
MetArt_Enticing_Dary-A_by_Rylsky_high_0029.jpg,2.05,M
MetArt_Enticing_Dary-A_by_Rylsky_high_0030.jpg,1.97,M
MetArt_Enticing_Dary-A_by_Rylsky_high_0031.jpg,1.97,M
MetArt_Enticing_Dary-A_by_Rylsky_high_0032.jpg,2.16,M
MetArt_Enticing_Dary-A_by_Rylsky_high_0033.jpg,1.87,M
MetArt_Enticing_Dary-A_by_Rylsky_high_0034.jpg,2.37,M
MetArt_Enticing_Dary-A_by_Rylsky_high_0035.jpg,1.81,M
MetArt_Enticing_Dary-A_by_Rylsky_high_0036.jpg,3.09,M
MetArt_Enticing_Dary-A_by_Rylsky_high_0037.jpg,1.46,M
MetArt_Enticing_Dary-A_by_Rylsky_high_0038.jpg,1.94,M
MetArt_Enticing_Dary-A_by_Rylsky_high_0039.jpg,1.48,M
MetArt_Enticing_Dary-A_by_Rylsky_high_0040.jpg,1.61,M
MetArt_Enticing_Dary-A_by_Rylsky_high_0041.jpg,1.71,M
MetArt_Enticing_Dary-A_by_Rylsky_high_0042.jpg,2.74,M
MetArt_Enticing_Dary-A_by_Rylsky_high_0043.jpg,2.51,M
MetArt_Enticing_Dary-A_by_Rylsky_high_0044.jpg,1.9,M
MetArt_Enticing_Dary-A_by_Rylsky_high_0045.jpg,2.14,M
MetArt_Enticing_Dary-A_by_Rylsky_high_0046.jpg,2.09,M
MetArt_Enticing_Dary-A_by_Rylsky_high_0047.jpg,1.78,M
MetArt_Enticing_Dary-A_by_Rylsky_high_0048.jpg,1.25,M
MetArt_Enticing_Dary-A_by_Rylsky_high_0049.jpg,1.3,M
MetArt_Enticing_Dary-A_by_Rylsky_high_0050.jpg,1.99,M
MetArt_Enticing_Dary-A_by_Rylsky_high_0051.jpg,2.13,M
MetArt_Enticing_Dary-A_by_Rylsky_high_0052.jpg,1.77,M
MetArt_Enticing_Dary-A_by_Rylsky_high_0053.jpg,1.31,M
MetArt_Enticing_Dary-A_by_Rylsky_high_0054.jpg,1.23,M
MetArt_Enticing_Dary-A_by_Rylsky_high_0055.jpg,1.44,M
MetArt_Enticing_Dary-A_by_Rylsky_high_0056.jpg,1.16,M
MetArt_Enticing_Dary-A_by_Rylsky_high_0057.jpg,1.39,M
MetArt_Enticing_Dary-A_by_Rylsky_high_0058.jpg,2.05,M
MetArt_Enticing_Dary-A_by_Rylsky_high_0059.jpg,2.15,M
MetArt_Enticing_Dary-A_by_Rylsky_high_0060.jpg,2.08,M
MetArt_Enticing_Dary-A_by_Rylsky_high_0061.jpg,1.6,M
MetArt_Enticing_Dary-A_by_Rylsky_high_0062.jpg,1.73,M
MetArt_Enticing_Dary-A_by_Rylsky_high_0063.jpg,1.68,M
MetArt_Enticing_Dary-A_by_Rylsky_high_0064.jpg,1.61,M
MetArt_Enticing_Dary-A_by_Rylsky_high_0065.jpg,1.39,M
MetArt_Enticing_Dary-A_by_Rylsky_high_0066.jpg,1.82,M
MetArt_Enticing_Dary-A_by_Rylsky_high_0067.jpg,1.63,M
MetArt_Enticing_Dary-A_by_Rylsky_high_0068.jpg,1.29,M
MetArt_Enticing_Dary-A_by_Rylsky_high_0069.jpg,1.43,M
MetArt_Enticing_Dary-A_by_Rylsky_high_0070.jpg,1.06,M
MetArt_Enticing_Dary-A_by_Rylsky_high_0071.jpg,1.52,M
MetArt_Enticing_Dary-A_by_Rylsky_high_0072.jpg,1.74,M
MetArt_Enticing_Dary-A_by_Rylsky_high_0073.jpg,1.6,M
MetArt_Enticing_Dary-A_by_Rylsky_high_0074.jpg,1.45,M
MetArt_Enticing_Dary-A_by_Rylsky_high_0075.jpg,1.24,M
MetArt_Enticing_Dary-A_by_Rylsky_high_0076.jpg,1.62,M
MetArt_Enticing_Dary-A_by_Rylsky_high_0077.jpg,1.73,M
MetArt_Enticing_Dary-A_by_Rylsky_high_0078.jpg,1.85,M
MetArt_Enticing_Dary-A_by_Rylsky_high_0079.jpg,1.65,M
MetArt_Enticing_Dary-A_by_Rylsky_high_0080.jpg,1.51,M
MetArt_Enticing_Dary-A_by_Rylsky_high_0081.jpg,1.64,M
MetArt_Enticing_Dary-A_by_Rylsky_high_0082.jpg,1.76,M
MetArt_Enticing_Dary-A_by_Rylsky_high_0083.jpg,1.38,M
MetArt_Enticing_Dary-A_by_Rylsky_high_0084.jpg,1.34,M
MetArt_Enticing_Dary-A_by_Rylsky_high_0085.jpg,1.36,M
MetArt_Enticing_Dary-A_by_Rylsky_high_0086.jpg,1.3,M
MetArt_Enticing_Dary-A_by_Rylsky_high_0087.jpg,1.41,M
MetArt_Enticing_Dary-A_by_Rylsky_high_0088.jpg,1.51,M
MetArt_Enticing_Dary-A_by_Rylsky_high_0089.jpg,1.44,M
MetArt_Enticing_Dary-A_by_Rylsky_high_0090.jpg,1.45,M
MetArt_Enticing_Dary-A_by_Rylsky_high_0091.jpg,1.18,M
MetArt_Enticing_Dary-A_by_Rylsky_high_0092.jpg,1.44,M
MetArt_Enticing_Dary-A_by_Rylsky_high_0093.jpg,1.56,M
MetArt_Enticing_Dary-A_by_Rylsky_high_0094.jpg,1.5,M
MetArt_Enticing_Dary-A_by_Rylsky_high_0095.jpg,1.49,M
MetArt_Enticing_Dary-A_by_Rylsky_high_0096.jpg,1.24,M
MetArt_Enticing_Dary-A_by_Rylsky_high_0097.jpg,1.88,M
MetArt_Enticing_Dary-A_by_Rylsky_high_0098.jpg,1.88,M
MetArt_Enticing_Dary-A_by_Rylsky_high_0099.jpg,1.76,M
MetArt_Enticing_Dary-A_by_Rylsky_high_0100.jpg,1.76,M
MetArt_Enticing_Dary-A_by_Rylsky_high_0101.jpg,1.67,M
MetArt_Enticing_Dary-A_by_Rylsky_high_0102.jpg,1.1,M
MetArt_Enticing_Dary-A_by_Rylsky_high_0103.jpg,2.13,M
MetArt_Enticing_Dary-A_by_Rylsky_high_0104.jpg,1.34,M
MetArt_Enticing_Dary-A_by_Rylsky_high_0105.jpg,2.28,M
MetArt_Enticing_Dary-A_by_Rylsky_high_0106.jpg,2.01,M
MetArt_Enticing_Dary-A_by_Rylsky_high_0107.jpg,2.85,M
MetArt_Enticing_Dary-A_by_Rylsky_high_0108.jpg,1.6,M
MetArt_Enticing_Dary-A_by_Rylsky_high_0109.jpg,2.11,M
MetArt_Enticing_Dary-A_by_Rylsky_high_0110.jpg,2,M
MetArt_Enticing_Dary-A_by_Rylsky_high_0111.jpg,2.32,M
MetArt_Enticing_Dary-A_by_Rylsky_high_0112.jpg,2.3,M
MetArt_Enticing_Dary-A_by_Rylsky_high_0113.jpg,1.82,M
MetArt_Enticing_Dary-A_by_Rylsky_high_0114.jpg,2.1,M
MetArt_Enticing_Dary-A_by_Rylsky_high_0115.jpg,2.55,M
MetArt_Enticing_Dary-A_by_Rylsky_high_0116.jpg,2.76,M
MetArt_Enticing_Dary-A_by_Rylsky_high_0117.jpg,2.87,M
MetArt_Enticing_Dary-A_by_Rylsky_high_0118.jpg,3.37,M
MetArt_Enticing_Dary-A_by_Rylsky_high_0119.jpg,3.2,M
MetArt_Enticing_Dary-A_by_Rylsky_high_0120.jpg,2.4,M
MetArt_Enticing_Dary-A_by_Rylsky_high_0121.jpg,1.77,M
MetArt_Enticing_Dary-A_by_Rylsky_high_0122.jpg,2.09,M
MetArt_Enticing_Dary-A_by_Rylsky_high_0123.jpg,1.96,M
MetArt_Enticing_Dary-A_by_Rylsky_high_0124.jpg,2.19,M
MetArt_Enticing_Dary-A_by_Rylsky_high_0125.jpg,2.18,M
MetArt_Enticing_Dary-A_by_Rylsky_high_0126.jpg,2.43,M
MetArt_Enticing_Dary-A_by_Rylsky_high_0127.jpg,2.28,M
MetArt_Enticing_Dary-A_by_Rylsky_high_0128.jpg,2.29,M
RARBG.com.txt,34,B
file_id.diz,164,B
p4l.nfo,3.94,K
