Filename,Size,Unit
Sharon #2  part_01.wmv,12.79,M
Sharon #2  part_02.wmv,10.76,M
Sharon #2  part_04.wmv,10.28,M
Sharon #2  part_03.wmv,8.04,M
