User Type,Username,Date,Text
,plaplay,2013-01-02T20:41Z,Can you please seed your LA confidential
