User Type,Username,Date,Text
,pt.,2012-09-09T19:03Z,http://thepiratebay.se/torrent/7579276/RobZombie_2012_Mondo_Sex_Head_%28Deluxe%29_pt.
