Title,Type,Files,Size,IMDB,Spoken Languages,Texted Languages,Tags,Quality (+),Quality (-),Uploaded,By,User Type,Seeders,Leechers,Info Hash,Picture,Capture Date
Regina Lund - Le Vent Nous Portera (Live Nyhetsmorgon 2011),203,1,46.06 MiB (48297474 Bytes),,,,,0,0,2012-11-17T14:08:40Z,RosaMannen,[V],1,2,8B6FDA258533157ED9D27D1C0A6F9FD7ECD424BC,,2012-12-02T07:33:44Z
