Title,Type,Files,Size,IMDB,Spoken Languages,Texted Languages,Tags,Quality (+),Quality (-),Uploaded,By,User Type,Seeders,Leechers,Info Hash,Picture,Capture Date
Performers Of The Year 2012 - Lexi Belle.mp4,506,1,306.88 MiB (321789741 Bytes),,,,"""2012"",""All sex"",""Oral"",""Straight"",""Hardcore"",""XXX"",""Adult""",0,0,2012-07-31T12:26:10Z,1.No.1,[V],12,0,7B1D3BE3D9D6945B431F3E8B6E35FB9DD5B1CD12,http://image.bayimg.com/eaagdaaei.jpg,2012-09-19T03:45:03Z
