User Type,Username,Date,Text
,rylander2434,2012-09-14T21:29Z,Request - John Green - Looking For Alaska Epub.
[V],azizex666,2012-09-14T21:31Z,https://forum.suprbay.org/forumdisplay.php?fid=51
,TheMysteriousKnight,2012-09-14T22:01Z,thanks a lot!
,fancyfacejy,2012-09-15T02:38Z,"Thank you so so much, azizex!! You rock!! :)"
,longtan2,2012-09-15T11:21Z,thanks azizex666
[V],azizex666,2012-09-16T08:29Z,"@rylander2434
Looking For Alaska by John Green
https://thepiratebay.se/torrent/7641113/Looking_For_Alaska_by_John_Green_%5BRequest%5D"
,Bensparrow,2012-09-25T18:19Z,Mucho grazia...
