User Type,Username,Date,Text
,pollard19,2012-02-17T21:57Z,BEEN LOOKIN FOR THIS
