Title,Type,Files,Size,IMDB,Spoken Languages,Texted Languages,Tags,Quality (+),Quality (-),Uploaded,By,User Type,Seeders,Leechers,Info Hash,Picture,Capture Date
Die pflichtbewusste Sklavin Keyra Chanel im Käfig gefesselt,599,1,179.78 MiB (188516222 Bytes),,,,,0,0,2012-08-10T16:14:33Z,codyfreels,,0,6,3C783D7160C238C31A1A8B6E9424A3ACCB11E20D,,2012-09-18T03:15:09Z
