Filename,Size,Unit
Infierno sobre ruedas 1x02 matematicas inmorales.avi,497.77,M
