Filename,Size,Unit
745.mp4,227.49,M
