Title,Type,Files,Size,IMDB,Spoken Languages,Texted Languages,Tags,Quality (+),Quality (-),Uploaded,By,User Type,Seeders,Leechers,Info Hash,Picture,Capture Date
Til Love Do Us Lie - 结．分 @ 谎 程 式 (Episode 031 to 060) - TVB 2011,205,30,3.14 GiB (3372477791 Bytes),,Chinese,Chinese,,0,0,2012-03-28T16:09:46Z,Smcheer,[T],1,3,AABBA4C2BB9C5D27149724DD65B42EAB1F4702CC,,2012-09-27T06:09:37Z
