Title,Type,Files,Size,IMDB,Spoken Languages,Texted Languages,Tags,Quality (+),Quality (-),Uploaded,By,User Type,Seeders,Leechers,Info Hash,Picture,Capture Date
david gilmour - remember that night,203,1,1.42 GiB (1528204084 Bytes),,,,"""david gilmour"",""pink  floyd""",0,0,2012-07-04T22:58:50Z,SoyL30,,1,3,2A324FB4956C5BFE3BB98B75F63A4E619DEE9593,,2012-09-20T18:09:46Z
