Title,Type,Files,Size,IMDB,Spoken Languages,Texted Languages,Tags,Quality (+),Quality (-),Uploaded,By,User Type,Seeders,Leechers,Info Hash,Picture,Capture Date
100 % working trackers,301,1,1.97 KiB (2019 Bytes),,,,"""trackers""",0,0,2012-02-18T08:44:05Z,priyansh_cena,,0,0,0F0DD870F956634193A1DBA6D4C1E8DFE028E91B,,2012-09-29T23:03:49Z
