Title,Type,Files,Size,IMDB,Spoken Languages,Texted Languages,Tags,Quality (+),Quality (-),Uploaded,By,User Type,Seeders,Leechers,Info Hash,Picture,Capture Date
Alexis Monroe - Pussy Floss [CaptainStabbin] 1080Rip,505,1,3.53 GiB (3788580471 Bytes),,,,,0,0,2012-10-06T21:34:19Z,XxXRG,[V],5,5,18360761F12A53A6E1DE9D59C2422A5E12050EC4,,2012-11-24T20:05:16Z
