Filename,Size,Unit
Savage Grace (2007)DVDrip.www.lokotorrents.com.avi,700.78,M
