Filename,Size,Unit
Gray's_Anatomie_pour_les_eÌtudiants_complet_et_cherchable.pdf,189.94,M
