Filename,Size,Unit
maths 07 2.pdf,637.52,K
