Filename,Size,Unit
House.on.Haunted.Hill.1999.1080p.BrRip.x264.YIFY.mp4,1.3,G
WWW.YIFY-TORRENTS.COM.jpg,127.61,K
