Filename,Size,Unit
The.Avengers.Earths.Mightiest.Heroes.S02E03.Acts.of.Vengeance.720p.WEB-DL.DD5.1.AAC2.0.H264-Reaperza.mkv,769.92,M
release notes.txt,24.08,K
Torrent downloaded from Demonoid.me.txt,46,B
