Filename,Size,Unit
01 - Kapabel - De Avonduren.mp3,8.27,M
02 - Kapabel - Sjakie Schildpad en de Kreupele Haas (met Herman van Veen).mp3,8.29,M
03 - Kapabel - Apie.mp3,10.54,M
04 - Kapabel - De Woudreuzen.mp3,9.75,M
05 - Kapabel - Vier Geruchten.mp3,13.22,M
06 - Kapabel - Koning Kater.mp3,10.34,M
07 - Kapabel - GHR.mp3,10.42,M
08 - Kapabel - Dood.mp3,11.32,M
09 - Kapabel - De Man Met De Baard.mp3,8.5,M
10 - Kapabel - Wammus Langnek.mp3,8.9,M
11 - Kapabel - LiliSam.mp3,11.47,M
12 - Kapabel - Het Vuurtorenvolk.mp3,24.51,M
"DMT NFO, Read before Playing.txt",1.73,K
DMT.png,78.32,K
Kapabel - De Avonduren - Back.bmp,7.09,M
Kapabel - De Avonduren - CD.bmp,5.97,M
Kapabel - De Avonduren - Front.bmp,6.76,M
Kapabel - De Avonduren.m3u,695,B
Torrent downloaded from Demonoid.me.txt,46,B
