Filename,Size,Unit
Una boda De muerte [dvdrip][spanish][AC3-5.1][www.lokotorrents.com].avi,1.3,G
