Filename,Size,Unit
Seelenvoegel.2009.GERMAN.AC3.x264.DVDRIP.MartN.part15.rar,100,M
Seelenvoegel.2009.GERMAN.AC3.x264.DVDRIP.MartN.part02.rar,100,M
Seelenvoegel.2009.GERMAN.AC3.x264.DVDRIP.MartN.part03.rar,100,M
Seelenvoegel.2009.GERMAN.AC3.x264.DVDRIP.MartN.part04.rar,100,M
Seelenvoegel.2009.GERMAN.AC3.x264.DVDRIP.MartN.part05.rar,100,M
Seelenvoegel.2009.GERMAN.AC3.x264.DVDRIP.MartN.part06.rar,100,M
Seelenvoegel.2009.GERMAN.AC3.x264.DVDRIP.MartN.part07.rar,100,M
Seelenvoegel.2009.GERMAN.AC3.x264.DVDRIP.MartN.part08.rar,100,M
Seelenvoegel.2009.GERMAN.AC3.x264.DVDRIP.MartN.part09.rar,100,M
Seelenvoegel.2009.GERMAN.AC3.x264.DVDRIP.MartN.part10.rar,100,M
Seelenvoegel.2009.GERMAN.AC3.x264.DVDRIP.MartN.part11.rar,100,M
Seelenvoegel.2009.GERMAN.AC3.x264.DVDRIP.MartN.part12.rar,100,M
Seelenvoegel.2009.GERMAN.AC3.x264.DVDRIP.MartN.part13.rar,100,M
Seelenvoegel.2009.GERMAN.AC3.x264.DVDRIP.MartN.part14.rar,100,M
Seelenvoegel.2009.GERMAN.AC3.x264.DVDRIP.MartN.part01.rar,100,M
Seelenvoegel.2009.GERMAN.AC3.x264.DVDRIP.MartN.part16.rar,100,M
Seelenvoegel.2009.GERMAN.AC3.x264.DVDRIP.MartN.part17.rar,100,M
Seelenvoegel.2009.GERMAN.AC3.x264.DVDRIP.MartN.part18.rar,100,M
Seelenvoegel.2009.GERMAN.AC3.x264.DVDRIP.MartN.part19.rar,100,M
Seelenvoegel.2009.GERMAN.AC3.x264.DVDRIP.MartN.part20.rar,100,M
Seelenvoegel.2009.GERMAN.AC3.x264.DVDRIP.MartN.part21.rar,100,M
Seelenvoegel.2009.GERMAN.AC3.x264.DVDRIP.MartN.part22.rar,100,M
Seelenvoegel.2009.GERMAN.AC3.x264.DVDRIP.MartN.part23.rar,100,M
Seelenvoegel.2009.GERMAN.AC3.x264.DVDRIP.MartN.part24.rar,100,M
Seelenvoegel.2009.GERMAN.AC3.x264.DVDRIP.MartN.part25.rar,100,M
Seelenvoegel.2009.GERMAN.AC3.x264.DVDRIP.MartN.part26.rar,100,M
Seelenvoegel.2009.GERMAN.AC3.x264.DVDRIP.MartN.part27.rar,100,M
Seelenvoegel.2009.GERMAN.AC3.x264.DVDRIP.MartN.part28.rar,100,M
Seelenvoegel.2009.GERMAN.AC3.x264.DVDRIP.MartN.part29.rar,49.47,M
