User Type,Username,Date,Text
,ryouse,2012-11-26T08:53Z,Thanks alot.
