Title,Type,Files,Size,IMDB,Spoken Languages,Texted Languages,Tags,Quality (+),Quality (-),Uploaded,By,User Type,Seeders,Leechers,Info Hash,Picture,Capture Date
House.S08E11.HDTV.XviD-LOL,205,1,349 MiB (365951372 Bytes),,,,,0,0,2012-02-17T09:59:17Z,UltraTorrents,[V],6,0,2C159B9592E71BFED169E4BCB6633C01FEDC1770,,2012-09-30T00:34:32Z
