User Type,Username,Date,Text
,BillyBold,2012-10-22T06:40Z,Cheers for this!
,Kole97,2012-10-22T08:55Z,Thanks mate!
,flopis2,2012-10-22T14:29Z,"Good deed m8!
10xs!"
,mojtabata2001,2012-10-22T21:44Z,THANKS uploader
,yarnek,2012-10-24T11:09Z,Thanks chaps!
