Filename,Size,Unit
Castle.2009.S04E04.HDTV.Subtitulado.Esp.SC.avi,350.11,M
