User Type,Username,Date,Text
,c2001trial,2012-09-08T20:51Z,"Download http://thepiratebay.se/torrent/7613456/Beata_Undine_Best_HD_Collection instead, this one has a couple of blocks missing in the 'threesome' video, try to delete the torrent but it just won't go :("
