Filename,Size,Unit
downton.abbey.s03e01.720p.hdtv.x264-tla.nfo,51,B
downton.abbey.s03e01.720p.hdtv.x264-tla.r00,47.68,M
downton.abbey.s03e01.720p.hdtv.x264-tla.r01,47.68,M
downton.abbey.s03e01.720p.hdtv.x264-tla.r02,47.68,M
downton.abbey.s03e01.720p.hdtv.x264-tla.r03,47.68,M
downton.abbey.s03e01.720p.hdtv.x264-tla.r04,47.68,M
downton.abbey.s03e01.720p.hdtv.x264-tla.r05,47.68,M
downton.abbey.s03e01.720p.hdtv.x264-tla.r06,47.68,M
downton.abbey.s03e01.720p.hdtv.x264-tla.r07,47.68,M
downton.abbey.s03e01.720p.hdtv.x264-tla.r08,47.68,M
downton.abbey.s03e01.720p.hdtv.x264-tla.r09,47.68,M
downton.abbey.s03e01.720p.hdtv.x264-tla.r10,47.68,M
downton.abbey.s03e01.720p.hdtv.x264-tla.r11,47.68,M
downton.abbey.s03e01.720p.hdtv.x264-tla.r12,47.68,M
downton.abbey.s03e01.720p.hdtv.x264-tla.r13,47.68,M
downton.abbey.s03e01.720p.hdtv.x264-tla.r14,47.68,M
downton.abbey.s03e01.720p.hdtv.x264-tla.r15,47.68,M
downton.abbey.s03e01.720p.hdtv.x264-tla.r16,47.68,M
downton.abbey.s03e01.720p.hdtv.x264-tla.r17,36.66,M
downton.abbey.s03e01.720p.hdtv.x264-tla.rar,47.68,M
downton.abbey.s03e01.720p.hdtv.x264-tla.sfv,1,K
Sample/downton.abbey.s03e01.720p.hdtv.x264-tla-sample.mkv,19.46,M
www.speed.cd read me .txt,47,B
www.Speed.cd.txt,47,B
