Filename,Size,Unit
atlantis16en.exe,3.03,M
Crack/Atlantis.exe,3.42,M
ReadMe!.txt,1.78,K
Torrent downloaded from TorDigger torrents at 1337x.org.txt,95,B
Torrent downloaded from TorDigger torrents at BTScene.org.txt,124,B
Torrent downloaded from TorDigger torrents at divxhunt.tk.txt,82,B
Torrent downloaded from TorDigger torrents at h33t.com.txt,95,B
Torrent downloaded from TorDigger torrents at kat.ph.txt,93,B
Torrent downloaded from TorDigger torrents at pp2pdl.com.txt,89,B
Torrent downloaded from TorDigger torrents at thepiratebay.se.txt,100,B
