Title,Type,Files,Size,IMDB,Spoken Languages,Texted Languages,Tags,Quality (+),Quality (-),Uploaded,By,User Type,Seeders,Leechers,Info Hash,Picture,Capture Date
LoveYourTits - Jessi Summers,506,1,99.13 MiB (103948725 Bytes),,,,,0,0,2012-02-15T23:47:47Z,RockSaltS,[T],1,1,79DAC76FDDD1F13CE9C831BA5D9255707DFA3CC4,,2012-09-30T02:44:26Z
