Filename,Size,Unit
First Read This Guide.txt,466,B
Tyler.Perrys.House.of.Payne.S07E79.HDTV.XviD-AFG.avi,168.29,M
Tyler.Perrys.House.of.Payne.S07E79.HDTV.XviD-AFG.nfo,453,B
www.Torrentday.com.txt,466,B
