Filename,Size,Unit
The.Bourne.Legacy.2012.720p.BluRay.x264.RoSubbed-SPARKS.mkv,5.45,G
sparks-bourne-720.nfo,4.2,K
Torrent Downloaded From ExtraTorrent.com.txt,353,B
Torrent downloaded from PublicHD.EU.txt,148,B
Torrent downloaded from AhaShare.com.txt,59,B
