Filename,Size,Unit
Continuum.S01E08.480p.HDTV.x264-mSD.mkv,205.08,M
Continuum.S01E08.480p.HDTV.x264-mSD.nfo,1.03,K
Read this before playing this Video.txt,222,B
Torrent have been downloaded from Scenetime.com.txt,222,B
