Filename,Size,Unit
psig-dark.shadows.2012.dvdrip.xvid.nfo,9.33,K
psig-dark.shadows.2012.dvdrip.xvid.avi,697.26,M
