Filename,Size,Unit
Naruto Shippuuden Movie 4.avi,1.45,G
Torrent By DLP.jpg,20.84,K
Torrent By DLP.txt,1.17,K
