Filename,Size,Unit
Revolution.2012.S01E02.HDTV.XviD-AuX.avi,337.94,M
Torrent Downloaded From ExtraTorrent.com.txt,353,B
