Filename,Size,Unit
WWE.Survivor.Series.2012.11.18.HDTV.XviD-FICEK9.avi,1.46,G
WWE.Survivor.Series.2012.11.18.HDTV.XviD-FICEK9.nfo,1.75,K
