Filename,Size,Unit
01 - Will The Circle Be Unbroken.flac,14.95,M
02 - Move Along Train.flac,13.7,M
03 - Are You Sure.flac,15.96,M
04 - Wade In The Water.flac,17.68,M
05 - If I Could Hear My Mother Again.flac,14.05,M
"06 - Glory, Glory, Hallelujah!.flac",15.96,M
07 - The Lord's Prayer.flac,14.9,M
08 - Jacob's Ladder.flac,12.52,M
09 - Why (Am I Treated So Bad).flac,14.36,M
10 - Praying Time.flac,15.69,M
11 - For What It's Worth.flac,13.89,M
12 - Hammer and Nails.flac,13.01,M
13 - Freedom Highway.flac,17,M
14 - What You Gonna Do.flac,12.75,M
15 - Samson and Delilah.flac,14.28,M
16 - Nobody's Fault But Mine.flac,9.85,M
17 - Be Careful Of Stones That You Throw.flac,15.33,M
18 - This Train.flac,14.45,M
