User Type,Username,Date,Text
,smurellee,2012-11-06T06:34Z,"Is this english. when i tried to install it was in some language, pl. reply Sir."
