Filename,Size,Unit
Teen_Spunk_Junkies_2_Scene_5.mp4,209.21,M
Teen_Spunk_Junkies_2_Scene_4.mp4,203.12,M
Teen_Spunk_Junkies_2_Scene_3.mp4,177.87,M
Teen_Spunk_Junkies_2_Scene_1.mp4,172.16,M
Teen_Spunk_Junkies_2_Scene_6.mp4,151.63,M
Teen_Spunk_Junkies_2_Scene_2.mp4,151.16,M
