Filename,Size,Unit
"05 Eve Laurence - [NAF] February 01, 2007.wmv",85.06,M
