Title,Type,Files,Size,IMDB,Spoken Languages,Texted Languages,Tags,Quality (+),Quality (-),Uploaded,By,User Type,Seeders,Leechers,Info Hash,Picture,Capture Date
Håkan Östlundh - Dykaren,102,29,302.82 MiB (317526782 Bytes),,Swedish,,,0,0,2012-08-07T19:26:11Z,6tant,,9,2,EAE73AD39660761557E13BC5E2B9FEF80243D9D7,,2012-09-18T11:47:49Z
