Filename,Size,Unit
www.TamilRockers.net - Immortals (2011) [Tamil + Eng 5.1][720p - BluRay - x264 - AC3 - 900MB].mkv,924.38,M
