Title,Type,Files,Size,IMDB,Spoken Languages,Texted Languages,Tags,Quality (+),Quality (-),Uploaded,By,User Type,Seeders,Leechers,Info Hash,Picture,Capture Date
100 Beautiful Dogs and Cats Wallpapers 1280 X 1024 [Set 5],603,2,26.44 MiB (27719130 Bytes),,,,"""dogs"",""cats"",""wallpapers"",""1280 X 1024""",0,0,2012-06-24T14:09:21Z,nicobolso1899,[V],2,0,2597EB429C9377D60C769375EA84F1F64DE7C5A8,,2012-09-21T09:17:01Z
