Filename,Size,Unit
ktr.lezc.12.09.22.macy.and.dominica.lezboobies.mp4,906.43,M
