Title,Type,Files,Size,IMDB,Spoken Languages,Texted Languages,Tags,Quality (+),Quality (-),Uploaded,By,User Type,Seeders,Leechers,Info Hash,Picture,Capture Date
El Amigo De Mi Hermana [dvdrip][spanish],201,1,907.49 MiB (951572480 Bytes),,Spanish,,,0,0,2012-12-07T09:03:40Z,furtaperas,[V],201,110,BD269229B63A2BDC29EBD6C25BBDC1D4FF662D61,http://image.bayimg.com/0bf6e559845a5f7885ba45c4f71099689c6b2e30.jpg,2012-12-08T04:12:40Z
