Filename,Size,Unit
"SATURDAY NIGHT LIVE -- Bill Russell, Chicago ( 5th Season ).mp4",483.48,M
Torrent downloaded from Demonoid.me.txt,46,B
