Filename,Size,Unit
Fright Night (1985).avi,700.73,M
Fright Night Part 2 (1988).avi,700.22,M
Fright Night (2011).avi,699.96,M
Fright Night (1985) CD.jpg,5.57,M
Fright Night Triliogy (Front).jpg,2.02,M
Fright Night (2011) CD.jpg,420.38,K
Fright Night Part 2 (1988) CD.jpg,93.38,K
